array 11628 3
33.000 0.000 100.000
32.920 2.302 100.000
32.679 4.593 100.000
32.279 6.861 100.000
31.722 9.096 100.000
31.010 11.287 100.000
30.147 13.422 100.000
29.137 15.493 100.000
27.986 17.487 100.000
26.698 19.397 100.000
25.279 21.212 100.000
23.738 22.924 100.000
22.081 24.524 100.000
20.317 26.004 100.000
18.453 27.358 100.000
16.500 28.579 100.000
14.466 29.660 100.000
12.362 30.597 100.000
10.198 31.385 100.000
7.983 32.020 100.000
5.730 32.499 100.000
3.449 32.819 100.000
1.152 32.980 100.000
-1.152 32.980 100.000
-3.449 32.819 100.000
-5.730 32.499 100.000
-7.983 32.020 100.000
-10.198 31.385 100.000
-12.362 30.597 100.000
-14.466 29.660 100.000
-16.500 28.579 100.000
-18.453 27.358 100.000
-20.317 26.004 100.000
-22.081 24.524 100.000
-23.738 22.924 100.000
-25.279 21.212 100.000
-26.698 19.397 100.000
-27.986 17.487 100.000
-29.137 15.493 100.000
-30.147 13.422 100.000
-31.010 11.287 100.000
-31.722 9.096 100.000
-32.279 6.861 100.000
-32.679 4.593 100.000
-32.920 2.302 100.000
-33.000 -0.000 100.000
-32.920 -2.302 100.000
-32.679 -4.593 100.000
-32.279 -6.861 100.000
-31.722 -9.096 100.000
-31.010 -11.287 100.000
-30.147 -13.422 100.000
-29.137 -15.493 100.000
-27.986 -17.487 100.000
-26.698 -19.397 100.000
-25.279 -21.212 100.000
-23.738 -22.924 100.000
-22.081 -24.524 100.000
-20.317 -26.004 100.000
-18.453 -27.358 100.000
-16.500 -28.579 100.000
-14.466 -29.660 100.000
-12.362 -30.597 100.000
-10.198 -31.385 100.000
-7.983 -32.020 100.000
-5.730 -32.499 100.000
-3.449 -32.819 100.000
-1.152 -32.980 100.000
1.152 -32.980 100.000
3.449 -32.819 100.000
5.730 -32.499 100.000
7.983 -32.020 100.000
10.198 -31.385 100.000
12.362 -30.597 100.000
14.466 -29.660 100.000
16.500 -28.579 100.000
18.453 -27.358 100.000
20.317 -26.004 100.000
22.081 -24.524 100.000
23.738 -22.924 100.000
25.279 -21.212 100.000
26.698 -19.397 100.000
27.986 -17.487 100.000
29.137 -15.493 100.000
30.147 -13.422 100.000
31.010 -11.287 100.000
31.722 -9.096 100.000
32.279 -6.861 100.000
32.679 -4.593 100.000
32.920 -2.302 100.000
32.702 0.000 94.766
32.623 2.281 94.766
32.384 4.551 94.766
31.988 6.799 94.766
31.436 9.014 94.766
30.730 11.185 94.766
29.875 13.301 94.766
28.875 15.353 94.766
27.733 17.330 94.766
26.457 19.222 94.766
25.052 21.021 94.766
23.524 22.717 94.766
21.882 24.303 94.766
20.134 25.770 94.766
18.287 27.112 94.766
16.351 28.321 94.766
14.336 29.393 94.766
12.251 30.321 94.766
10.106 31.102 94.766
7.911 31.731 94.766
5.679 32.206 94.766
3.418 32.523 94.766
1.141 32.683 94.766
-1.141 32.683 94.766
-3.418 32.523 94.766
-5.679 32.206 94.766
-7.911 31.731 94.766
-10.106 31.102 94.766
-12.251 30.321 94.766
-14.336 29.393 94.766
-16.351 28.321 94.766
-18.287 27.112 94.766
-20.134 25.770 94.766
-21.882 24.303 94.766
-23.524 22.717 94.766
-25.052 21.021 94.766
-26.457 19.222 94.766
-27.733 17.330 94.766
-28.875 15.353 94.766
-29.875 13.301 94.766
-30.730 11.185 94.766
-31.436 9.014 94.766
-31.988 6.799 94.766
-32.384 4.551 94.766
-32.623 2.281 94.766
-32.702 -0.000 94.766
-32.623 -2.281 94.766
-32.384 -4.551 94.766
-31.988 -6.799 94.766
-31.436 -9.014 94.766
-30.730 -11.185 94.766
-29.875 -13.301 94.766
-28.875 -15.353 94.766
-27.733 -17.330 94.766
-26.457 -19.222 94.766
-25.052 -21.021 94.766
-23.524 -22.717 94.766
-21.882 -24.303 94.766
-20.134 -25.770 94.766
-18.287 -27.112 94.766
-16.351 -28.321 94.766
-14.336 -29.393 94.766
-12.251 -30.321 94.766
-10.106 -31.102 94.766
-7.911 -31.731 94.766
-5.679 -32.206 94.766
-3.418 -32.523 94.766
-1.141 -32.683 94.766
1.141 -32.683 94.766
3.418 -32.523 94.766
5.679 -32.206 94.766
7.911 -31.731 94.766
10.106 -31.102 94.766
12.251 -30.321 94.766
14.336 -29.393 94.766
16.351 -28.321 94.766
18.287 -27.112 94.766
20.134 -25.770 94.766
21.882 -24.303 94.766
23.524 -22.717 94.766
25.052 -21.021 94.766
26.457 -19.222 94.766
27.733 -17.330 94.766
28.875 -15.353 94.766
29.875 -13.301 94.766
30.730 -11.185 94.766
31.436 -9.014 94.766
31.988 -6.799 94.766
32.384 -4.551 94.766
32.623 -2.281 94.766
32.329 0.000 89.547
32.250 2.255 89.547
32.014 4.499 89.547
31.622 6.722 89.547
31.077 8.911 89.547
30.379 11.057 89.547
29.534 13.149 89.547
28.545 15.178 89.547
27.416 17.132 89.547
26.155 19.002 89.547
24.765 20.781 89.547
23.255 22.458 89.547
21.632 24.025 89.547
19.904 25.476 89.547
18.078 26.802 89.547
16.164 27.998 89.547
14.172 29.057 89.547
12.111 29.975 89.547
9.990 30.747 89.547
7.821 31.369 89.547
5.614 31.838 89.547
3.379 32.152 89.547
1.128 32.309 89.547
-1.128 32.309 89.547
-3.379 32.152 89.547
-5.614 31.838 89.547
-7.821 31.369 89.547
-9.990 30.747 89.547
-12.111 29.975 89.547
-14.172 29.057 89.547
-16.164 27.998 89.547
-18.078 26.802 89.547
-19.904 25.476 89.547
-21.632 24.025 89.547
-23.255 22.458 89.547
-24.765 20.781 89.547
-26.155 19.002 89.547
-27.416 17.132 89.547
-28.545 15.178 89.547
-29.534 13.149 89.547
-30.379 11.057 89.547
-31.077 8.911 89.547
-31.622 6.722 89.547
-32.014 4.499 89.547
-32.250 2.255 89.547
-32.329 -0.000 89.547
-32.250 -2.255 89.547
-32.014 -4.499 89.547
-31.622 -6.722 89.547
-31.077 -8.911 89.547
-30.379 -11.057 89.547
-29.534 -13.149 89.547
-28.545 -15.178 89.547
-27.416 -17.132 89.547
-26.155 -19.002 89.547
-24.765 -20.781 89.547
-23.255 -22.458 89.547
-21.632 -24.025 89.547
-19.904 -25.476 89.547
-18.078 -26.802 89.547
-16.164 -27.998 89.547
-14.172 -29.057 89.547
-12.111 -29.975 89.547
-9.990 -30.747 89.547
-7.821 -31.369 89.547
-5.614 -31.838 89.547
-3.379 -32.152 89.547
-1.128 -32.309 89.547
1.128 -32.309 89.547
3.379 -32.152 89.547
5.614 -31.838 89.547
7.821 -31.369 89.547
9.990 -30.747 89.547
12.111 -29.975 89.547
14.172 -29.057 89.547
16.164 -27.998 89.547
18.078 -26.802 89.547
19.904 -25.476 89.547
21.632 -24.025 89.547
23.255 -22.458 89.547
24.765 -20.781 89.547
26.155 -19.002 89.547
27.416 -17.132 89.547
28.545 -15.178 89.547
29.534 -13.149 89.547
30.379 -11.057 89.547
31.077 -8.911 89.547
31.622 -6.722 89.547
32.014 -4.499 89.547
32.250 -2.255 89.547
31.880 0.000 84.357
31.803 2.224 84.357
31.570 4.437 84.357
31.184 6.628 84.357
30.645 8.787 84.357
29.958 10.904 84.357
29.124 12.967 84.357
28.149 14.967 84.357
27.036 16.894 84.357
25.792 18.739 84.357
24.422 20.492 84.357
22.933 22.146 84.357
21.332 23.692 84.357
19.627 25.122 84.357
17.827 26.430 84.357
15.940 27.609 84.357
13.975 28.654 84.357
11.943 29.559 84.357
9.852 30.320 84.357
7.713 30.933 84.357
5.536 31.396 84.357
3.332 31.706 84.357
1.113 31.861 84.357
-1.113 31.861 84.357
-3.332 31.706 84.357
-5.536 31.396 84.357
-7.713 30.933 84.357
-9.852 30.320 84.357
-11.943 29.559 84.357
-13.975 28.654 84.357
-15.940 27.609 84.357
-17.827 26.430 84.357
-19.627 25.122 84.357
-21.332 23.692 84.357
-22.933 22.146 84.357
-24.422 20.492 84.357
-25.792 18.739 84.357
-27.036 16.894 84.357
-28.149 14.967 84.357
-29.124 12.967 84.357
-29.958 10.904 84.357
-30.645 8.787 84.357
-31.184 6.628 84.357
-31.570 4.437 84.357
-31.803 2.224 84.357
-31.880 -0.000 84.357
-31.803 -2.224 84.357
-31.570 -4.437 84.357
-31.184 -6.628 84.357
-30.645 -8.787 84.357
-29.958 -10.904 84.357
-29.124 -12.967 84.357
-28.149 -14.967 84.357
-27.036 -16.894 84.357
-25.792 -18.739 84.357
-24.422 -20.492 84.357
-22.933 -22.146 84.357
-21.332 -23.692 84.357
-19.627 -25.122 84.357
-17.827 -26.430 84.357
-15.940 -27.609 84.357
-13.975 -28.654 84.357
-11.943 -29.559 84.357
-9.852 -30.320 84.357
-7.713 -30.933 84.357
-5.536 -31.396 84.357
-3.332 -31.706 84.357
-1.113 -31.861 84.357
1.113 -31.861 84.357
3.332 -31.706 84.357
5.536 -31.396 84.357
7.713 -30.933 84.357
9.852 -30.320 84.357
11.943 -29.559 84.357
13.975 -28.654 84.357
15.940 -27.609 84.357
17.827 -26.430 84.357
19.627 -25.122 84.357
21.332 -23.692 84.357
22.933 -22.146 84.357
24.422 -20.492 84.357
25.792 -18.739 84.357
27.036 -16.894 84.357
28.149 -14.967 84.357
29.124 -12.967 84.357
29.958 -10.904 84.357
30.645 -8.787 84.357
31.184 -6.628 84.357
31.570 -4.437 84.357
31.803 -2.224 84.357
31.358 0.000 79.209
31.281 2.187 79.209
31.053 4.364 79.209
30.673 6.520 79.209
30.143 8.643 79.209
29.467 10.725 79.209
28.647 12.754 79.209
27.687 14.722 79.209
26.593 16.617 79.209
25.369 18.432 79.209
24.022 20.156 79.209
22.557 21.783 79.209
20.983 23.303 79.209
19.306 24.710 79.209
17.535 25.997 79.209
15.679 27.157 79.209
13.746 28.184 79.209
11.747 29.075 79.209
9.690 29.823 79.209
7.586 30.426 79.209
5.445 30.881 79.209
3.278 31.186 79.209
1.094 31.339 79.209
-1.094 31.339 79.209
-3.278 31.186 79.209
-5.445 30.881 79.209
-7.586 30.426 79.209
-9.690 29.823 79.209
-11.747 29.075 79.209
-13.746 28.184 79.209
-15.679 27.157 79.209
-17.535 25.997 79.209
-19.306 24.710 79.209
-20.983 23.303 79.209
-22.557 21.783 79.209
-24.022 20.156 79.209
-25.369 18.432 79.209
-26.593 16.617 79.209
-27.687 14.722 79.209
-28.647 12.754 79.209
-29.467 10.725 79.209
-30.143 8.643 79.209
-30.673 6.520 79.209
-31.053 4.364 79.209
-31.281 2.187 79.209
-31.358 -0.000 79.209
-31.281 -2.187 79.209
-31.053 -4.364 79.209
-30.673 -6.520 79.209
-30.143 -8.643 79.209
-29.467 -10.725 79.209
-28.647 -12.754 79.209
-27.687 -14.722 79.209
-26.593 -16.617 79.209
-25.369 -18.432 79.209
-24.022 -20.156 79.209
-22.557 -21.783 79.209
-20.983 -23.303 79.209
-19.306 -24.710 79.209
-17.535 -25.997 79.209
-15.679 -27.157 79.209
-13.746 -28.184 79.209
-11.747 -29.075 79.209
-9.690 -29.823 79.209
-7.586 -30.426 79.209
-5.445 -30.881 79.209
-3.278 -31.186 79.209
-1.094 -31.339 79.209
1.094 -31.339 79.209
3.278 -31.186 79.209
5.445 -30.881 79.209
7.586 -30.426 79.209
9.690 -29.823 79.209
11.747 -29.075 79.209
13.746 -28.184 79.209
15.679 -27.157 79.209
17.535 -25.997 79.209
19.306 -24.710 79.209
20.983 -23.303 79.209
22.557 -21.783 79.209
24.022 -20.156 79.209
25.369 -18.432 79.209
26.593 -16.617 79.209
27.687 -14.722 79.209
28.647 -12.754 79.209
29.467 -10.725 79.209
30.143 -8.643 79.209
30.673 -6.520 79.209
31.053 -4.364 79.209
31.281 -2.187 79.209
30.763 0.000 74.118
30.688 2.146 74.118
30.464 4.281 74.118
30.091 6.396 74.118
29.571 8.479 74.118
28.908 10.522 74.118
28.103 12.512 74.118
27.162 14.442 74.118
26.089 16.302 74.118
24.888 18.082 74.118
23.566 19.774 74.118
22.129 21.370 74.118
20.585 22.861 74.118
18.940 24.242 74.118
17.202 25.504 74.118
15.382 26.642 74.118
13.486 27.650 74.118
11.524 28.523 74.118
9.506 29.257 74.118
7.442 29.849 74.118
5.342 30.296 74.118
3.216 30.595 74.118
1.074 30.744 74.118
-1.074 30.744 74.118
-3.216 30.595 74.118
-5.342 30.296 74.118
-7.442 29.849 74.118
-9.506 29.257 74.118
-11.524 28.523 74.118
-13.486 27.650 74.118
-15.382 26.642 74.118
-17.202 25.504 74.118
-18.940 24.242 74.118
-20.585 22.861 74.118
-22.129 21.370 74.118
-23.566 19.774 74.118
-24.888 18.082 74.118
-26.089 16.302 74.118
-27.162 14.442 74.118
-28.103 12.512 74.118
-28.908 10.522 74.118
-29.571 8.479 74.118
-30.091 6.396 74.118
-30.464 4.281 74.118
-30.688 2.146 74.118
-30.763 -0.000 74.118
-30.688 -2.146 74.118
-30.464 -4.281 74.118
-30.091 -6.396 74.118
-29.571 -8.479 74.118
-28.908 -10.522 74.118
-28.103 -12.512 74.118
-27.162 -14.442 74.118
-26.089 -16.302 74.118
-24.888 -18.082 74.118
-23.566 -19.774 74.118
-22.129 -21.370 74.118
-20.585 -22.861 74.118
-18.940 -24.242 74.118
-17.202 -25.504 74.118
-15.382 -26.642 74.118
-13.486 -27.650 74.118
-11.524 -28.523 74.118
-9.506 -29.257 74.118
-7.442 -29.849 74.118
-5.342 -30.296 74.118
-3.216 -30.595 74.118
-1.074 -30.744 74.118
1.074 -30.744 74.118
3.216 -30.595 74.118
5.342 -30.296 74.118
7.442 -29.849 74.118
9.506 -29.257 74.118
11.524 -28.523 74.118
13.486 -27.650 74.118
15.382 -26.642 74.118
17.202 -25.504 74.118
18.940 -24.242 74.118
20.585 -22.861 74.118
22.129 -21.370 74.118
23.566 -19.774 74.118
24.888 -18.082 74.118
26.089 -16.302 74.118
27.162 -14.442 74.118
28.103 -12.512 74.118
28.908 -10.522 74.118
29.571 -8.479 74.118
30.091 -6.396 74.118
30.464 -4.281 74.118
30.688 -2.146 74.118
30.098 0.000 69.098
30.024 2.099 69.098
29.805 4.189 69.098
29.440 6.258 69.098
28.932 8.296 69.098
28.282 10.294 69.098
27.495 12.242 69.098
26.575 14.130 69.098
25.524 15.949 69.098
24.349 17.691 69.098
23.056 19.346 69.098
21.650 20.907 69.098
20.139 22.367 69.098
18.530 23.717 69.098
16.830 24.952 69.098
15.049 26.065 69.098
13.194 27.051 69.098
11.275 27.906 69.098
9.301 28.624 69.098
7.281 29.203 69.098
5.226 29.640 69.098
3.146 29.933 69.098
1.050 30.079 69.098
-1.050 30.079 69.098
-3.146 29.933 69.098
-5.226 29.640 69.098
-7.281 29.203 69.098
-9.301 28.624 69.098
-11.275 27.906 69.098
-13.194 27.051 69.098
-15.049 26.065 69.098
-16.830 24.952 69.098
-18.530 23.717 69.098
-20.139 22.367 69.098
-21.650 20.907 69.098
-23.056 19.346 69.098
-24.349 17.691 69.098
-25.524 15.949 69.098
-26.575 14.130 69.098
-27.495 12.242 69.098
-28.282 10.294 69.098
-28.932 8.296 69.098
-29.440 6.258 69.098
-29.805 4.189 69.098
-30.024 2.099 69.098
-30.098 -0.000 69.098
-30.024 -2.099 69.098
-29.805 -4.189 69.098
-29.440 -6.258 69.098
-28.932 -8.296 69.098
-28.282 -10.294 69.098
-27.495 -12.242 69.098
-26.575 -14.130 69.098
-25.524 -15.949 69.098
-24.349 -17.691 69.098
-23.056 -19.346 69.098
-21.650 -20.907 69.098
-20.139 -22.367 69.098
-18.530 -23.717 69.098
-16.830 -24.952 69.098
-15.049 -26.065 69.098
-13.194 -27.051 69.098
-11.275 -27.906 69.098
-9.301 -28.624 69.098
-7.281 -29.203 69.098
-5.226 -29.640 69.098
-3.146 -29.933 69.098
-1.050 -30.079 69.098
1.050 -30.079 69.098
3.146 -29.933 69.098
5.226 -29.640 69.098
7.281 -29.203 69.098
9.301 -28.624 69.098
11.275 -27.906 69.098
13.194 -27.051 69.098
15.049 -26.065 69.098
16.830 -24.952 69.098
18.530 -23.717 69.098
20.139 -22.367 69.098
21.650 -20.907 69.098
23.056 -19.346 69.098
24.349 -17.691 69.098
25.524 -15.949 69.098
26.575 -14.130 69.098
27.495 -12.242 69.098
28.282 -10.294 69.098
28.932 -8.296 69.098
29.440 -6.258 69.098
29.805 -4.189 69.098
30.024 -2.099 69.098
29.363 0.000 64.163
29.291 2.048 64.163
29.077 4.087 64.163
28.721 6.105 64.163
28.226 8.094 64.163
27.592 10.043 64.163
26.824 11.943 64.163
25.926 13.785 64.163
24.901 15.560 64.163
23.755 17.259 64.163
22.493 18.874 64.163
21.122 20.397 64.163
19.648 21.821 64.163
18.078 23.138 64.163
16.420 24.343 64.163
14.682 25.429 64.163
12.872 26.391 64.163
11.000 27.225 64.163
9.074 27.926 64.163
7.104 28.491 64.163
5.099 28.917 64.163
3.069 29.202 64.163
1.025 29.345 64.163
-1.025 29.345 64.163
-3.069 29.202 64.163
-5.099 28.917 64.163
-7.104 28.491 64.163
-9.074 27.926 64.163
-11.000 27.225 64.163
-12.872 26.391 64.163
-14.682 25.429 64.163
-16.420 24.343 64.163
-18.078 23.138 64.163
-19.648 21.821 64.163
-21.122 20.397 64.163
-22.493 18.874 64.163
-23.755 17.259 64.163
-24.901 15.560 64.163
-25.926 13.785 64.163
-26.824 11.943 64.163
-27.592 10.043 64.163
-28.226 8.094 64.163
-28.721 6.105 64.163
-29.077 4.087 64.163
-29.291 2.048 64.163
-29.363 -0.000 64.163
-29.291 -2.048 64.163
-29.077 -4.087 64.163
-28.721 -6.105 64.163
-28.226 -8.094 64.163
-27.592 -10.043 64.163
-26.824 -11.943 64.163
-25.926 -13.785 64.163
-24.901 -15.560 64.163
-23.755 -17.259 64.163
-22.493 -18.874 64.163
-21.122 -20.397 64.163
-19.648 -21.821 64.163
-18.078 -23.138 64.163
-16.420 -24.343 64.163
-14.682 -25.429 64.163
-12.872 -26.391 64.163
-11.000 -27.225 64.163
-9.074 -27.926 64.163
-7.104 -28.491 64.163
-5.099 -28.917 64.163
-3.069 -29.202 64.163
-1.025 -29.345 64.163
1.025 -29.345 64.163
3.069 -29.202 64.163
5.099 -28.917 64.163
7.104 -28.491 64.163
9.074 -27.926 64.163
11.000 -27.225 64.163
12.872 -26.391 64.163
14.682 -25.429 64.163
16.420 -24.343 64.163
18.078 -23.138 64.163
19.648 -21.821 64.163
21.122 -20.397 64.163
22.493 -18.874 64.163
23.755 -17.259 64.163
24.901 -15.560 64.163
25.926 -13.785 64.163
26.824 -11.943 64.163
27.592 -10.043 64.163
28.226 -8.094 64.163
28.721 -6.105 64.163
29.077 -4.087 64.163
29.291 -2.048 64.163
28.562 0.000 59.326
28.492 1.992 59.326
28.284 3.975 59.326
27.937 5.938 59.326
27.455 7.873 59.326
26.839 9.769 59.326
26.092 11.617 59.326
25.218 13.409 59.326
24.222 15.135 59.326
23.107 16.788 59.326
21.879 18.359 59.326
20.545 19.841 59.326
19.111 21.225 59.326
17.584 22.507 59.326
15.971 23.679 59.326
14.281 24.735 59.326
12.521 25.671 59.326
10.699 26.482 59.326
8.826 27.164 59.326
6.910 27.713 59.326
4.960 28.128 59.326
2.986 28.405 59.326
0.997 28.544 59.326
-0.997 28.544 59.326
-2.986 28.405 59.326
-4.960 28.128 59.326
-6.910 27.713 59.326
-8.826 27.164 59.326
-10.699 26.482 59.326
-12.521 25.671 59.326
-14.281 24.735 59.326
-15.971 23.679 59.326
-17.584 22.507 59.326
-19.111 21.225 59.326
-20.545 19.841 59.326
-21.879 18.359 59.326
-23.107 16.788 59.326
-24.222 15.135 59.326
-25.218 13.409 59.326
-26.092 11.617 59.326
-26.839 9.769 59.326
-27.455 7.873 59.326
-27.937 5.938 59.326
-28.284 3.975 59.326
-28.492 1.992 59.326
-28.562 -0.000 59.326
-28.492 -1.992 59.326
-28.284 -3.975 59.326
-27.937 -5.938 59.326
-27.455 -7.873 59.326
-26.839 -9.769 59.326
-26.092 -11.617 59.326
-25.218 -13.409 59.326
-24.222 -15.135 59.326
-23.107 -16.788 59.326
-21.879 -18.359 59.326
-20.545 -19.841 59.326
-19.111 -21.225 59.326
-17.584 -22.507 59.326
-15.971 -23.679 59.326
-14.281 -24.735 59.326
-12.521 -25.671 59.326
-10.699 -26.482 59.326
-8.826 -27.164 59.326
-6.910 -27.713 59.326
-4.960 -28.128 59.326
-2.986 -28.405 59.326
-0.997 -28.544 59.326
0.997 -28.544 59.326
2.986 -28.405 59.326
4.960 -28.128 59.326
6.910 -27.713 59.326
8.826 -27.164 59.326
10.699 -26.482 59.326
12.521 -25.671 59.326
14.281 -24.735 59.326
15.971 -23.679 59.326
17.584 -22.507 59.326
19.111 -21.225 59.326
20.545 -19.841 59.326
21.879 -18.359 59.326
23.107 -16.788 59.326
24.222 -15.135 59.326
25.218 -13.409 59.326
26.092 -11.617 59.326
26.839 -9.769 59.326
27.455 -7.873 59.326
27.937 -5.938 59.326
28.284 -3.975 59.326
28.492 -1.992 59.326
27.695 0.000 54.601
27.628 1.932 54.601
27.426 3.854 54.601
27.090 5.758 54.601
26.623 7.634 54.601
26.025 9.472 54.601
25.301 11.265 54.601
24.454 13.002 54.601
23.487 14.676 54.601
22.406 16.279 54.601
21.216 17.802 54.601
19.922 19.239 54.601
18.532 20.582 54.601
17.051 21.824 54.601
15.487 22.961 54.601
13.848 23.985 54.601
12.141 24.893 54.601
10.375 25.679 54.601
8.558 26.340 54.601
6.700 26.873 54.601
4.809 27.275 54.601
2.895 27.544 54.601
0.967 27.679 54.601
-0.967 27.679 54.601
-2.895 27.544 54.601
-4.809 27.275 54.601
-6.700 26.873 54.601
-8.558 26.340 54.601
-10.375 25.679 54.601
-12.141 24.893 54.601
-13.848 23.985 54.601
-15.487 22.961 54.601
-17.051 21.824 54.601
-18.532 20.582 54.601
-19.922 19.239 54.601
-21.216 17.802 54.601
-22.406 16.279 54.601
-23.487 14.676 54.601
-24.454 13.002 54.601
-25.301 11.265 54.601
-26.025 9.472 54.601
-26.623 7.634 54.601
-27.090 5.758 54.601
-27.426 3.854 54.601
-27.628 1.932 54.601
-27.695 -0.000 54.601
-27.628 -1.932 54.601
-27.426 -3.854 54.601
-27.090 -5.758 54.601
-26.623 -7.634 54.601
-26.025 -9.472 54.601
-25.301 -11.265 54.601
-24.454 -13.002 54.601
-23.487 -14.676 54.601
-22.406 -16.279 54.601
-21.216 -17.802 54.601
-19.922 -19.239 54.601
-18.532 -20.582 54.601
-17.051 -21.824 54.601
-15.487 -22.961 54.601
-13.848 -23.985 54.601
-12.141 -24.893 54.601
-10.375 -25.679 54.601
-8.558 -26.340 54.601
-6.700 -26.873 54.601
-4.809 -27.275 54.601
-2.895 -27.544 54.601
-0.967 -27.679 54.601
0.967 -27.679 54.601
2.895 -27.544 54.601
4.809 -27.275 54.601
6.700 -26.873 54.601
8.558 -26.340 54.601
10.375 -25.679 54.601
12.141 -24.893 54.601
13.848 -23.985 54.601
15.487 -22.961 54.601
17.051 -21.824 54.601
18.532 -20.582 54.601
19.922 -19.239 54.601
21.216 -17.802 54.601
22.406 -16.279 54.601
23.487 -14.676 54.601
24.454 -13.002 54.601
25.301 -11.265 54.601
26.025 -9.472 54.601
26.623 -7.634 54.601
27.090 -5.758 54.601
27.426 -3.854 54.601
27.628 -1.932 54.601
26.767 0.000 50.000
26.702 1.867 50.000
26.507 3.725 50.000
26.182 5.565 50.000
25.730 7.378 50.000
25.153 9.155 50.000
24.453 10.887 50.000
23.634 12.566 50.000
22.700 14.184 50.000
21.655 15.733 50.000
20.505 17.206 50.000
19.255 18.594 50.000
17.911 19.892 50.000
16.479 21.093 50.000
14.968 22.191 50.000
13.384 23.181 50.000
11.734 24.058 50.000
10.027 24.818 50.000
8.271 25.457 50.000
6.476 25.972 50.000
4.648 26.360 50.000
2.798 26.620 50.000
0.934 26.751 50.000
-0.934 26.751 50.000
-2.798 26.620 50.000
-4.648 26.360 50.000
-6.476 25.972 50.000
-8.271 25.457 50.000
-10.027 24.818 50.000
-11.734 24.058 50.000
-13.384 23.181 50.000
-14.968 22.191 50.000
-16.479 21.093 50.000
-17.911 19.892 50.000
-19.255 18.594 50.000
-20.505 17.206 50.000
-21.655 15.733 50.000
-22.700 14.184 50.000
-23.634 12.566 50.000
-24.453 10.887 50.000
-25.153 9.155 50.000
-25.730 7.378 50.000
-26.182 5.565 50.000
-26.507 3.725 50.000
-26.702 1.867 50.000
-26.767 -0.000 50.000
-26.702 -1.867 50.000
-26.507 -3.725 50.000
-26.182 -5.565 50.000
-25.730 -7.378 50.000
-25.153 -9.155 50.000
-24.453 -10.887 50.000
-23.634 -12.566 50.000
-22.700 -14.184 50.000
-21.655 -15.733 50.000
-20.505 -17.206 50.000
-19.255 -18.594 50.000
-17.911 -19.892 50.000
-16.479 -21.093 50.000
-14.968 -22.191 50.000
-13.384 -23.181 50.000
-11.734 -24.058 50.000
-10.027 -24.818 50.000
-8.271 -25.457 50.000
-6.476 -25.972 50.000
-4.648 -26.360 50.000
-2.798 -26.620 50.000
-0.934 -26.751 50.000
0.934 -26.751 50.000
2.798 -26.620 50.000
4.648 -26.360 50.000
6.476 -25.972 50.000
8.271 -25.457 50.000
10.027 -24.818 50.000
11.734 -24.058 50.000
13.384 -23.181 50.000
14.968 -22.191 50.000
16.479 -21.093 50.000
17.911 -19.892 50.000
19.255 -18.594 50.000
20.505 -17.206 50.000
21.655 -15.733 50.000
22.700 -14.184 50.000
23.634 -12.566 50.000
24.453 -10.887 50.000
25.153 -9.155 50.000
25.730 -7.378 50.000
26.182 -5.565 50.000
26.507 -3.725 50.000
26.702 -1.867 50.000
25.779 0.000 45.536
25.716 1.798 45.536
25.528 3.588 45.536
25.215 5.360 45.536
24.780 7.106 45.536
24.224 8.817 45.536
23.550 10.485 45.536
22.761 12.102 45.536
21.862 13.661 45.536
20.855 15.152 45.536
19.748 16.570 45.536
18.544 17.907 45.536
17.249 19.157 45.536
15.871 20.314 45.536
14.415 21.372 45.536
12.889 22.325 45.536
11.301 23.170 45.536
9.657 23.902 45.536
7.966 24.517 45.536
6.236 25.013 45.536
4.476 25.387 45.536
2.695 25.638 45.536
0.900 25.763 45.536
-0.900 25.763 45.536
-2.695 25.638 45.536
-4.476 25.387 45.536
-6.236 25.013 45.536
-7.966 24.517 45.536
-9.657 23.902 45.536
-11.301 23.170 45.536
-12.889 22.325 45.536
-14.415 21.372 45.536
-15.871 20.314 45.536
-17.249 19.157 45.536
-18.544 17.907 45.536
-19.748 16.570 45.536
-20.855 15.152 45.536
-21.862 13.661 45.536
-22.761 12.102 45.536
-23.550 10.485 45.536
-24.224 8.817 45.536
-24.780 7.106 45.536
-25.215 5.360 45.536
-25.528 3.588 45.536
-25.716 1.798 45.536
-25.779 -0.000 45.536
-25.716 -1.798 45.536
-25.528 -3.588 45.536
-25.215 -5.360 45.536
-24.780 -7.106 45.536
-24.224 -8.817 45.536
-23.550 -10.485 45.536
-22.761 -12.102 45.536
-21.862 -13.661 45.536
-20.855 -15.152 45.536
-19.748 -16.570 45.536
-18.544 -17.907 45.536
-17.249 -19.157 45.536
-15.871 -20.314 45.536
-14.415 -21.372 45.536
-12.889 -22.325 45.536
-11.301 -23.170 45.536
-9.657 -23.902 45.536
-7.966 -24.517 45.536
-6.236 -25.013 45.536
-4.476 -25.387 45.536
-2.695 -25.638 45.536
-0.900 -25.763 45.536
0.900 -25.763 45.536
2.695 -25.638 45.536
4.476 -25.387 45.536
6.236 -25.013 45.536
7.966 -24.517 45.536
9.657 -23.902 45.536
11.301 -23.170 45.536
12.889 -22.325 45.536
14.415 -21.372 45.536
15.871 -20.314 45.536
17.249 -19.157 45.536
18.544 -17.907 45.536
19.748 -16.570 45.536
20.855 -15.152 45.536
21.862 -13.661 45.536
22.761 -12.102 45.536
23.550 -10.485 45.536
24.224 -8.817 45.536
24.780 -7.106 45.536
25.215 -5.360 45.536
25.528 -3.588 45.536
25.716 -1.798 45.536
24.733 0.000 41.221
24.673 1.725 41.221
24.493 3.442 41.221
24.193 5.142 41.221
23.775 6.817 41.221
23.242 8.459 41.221
22.595 10.060 41.221
21.838 11.612 41.221
20.975 13.107 41.221
20.010 14.538 41.221
18.947 15.898 41.221
17.792 17.181 41.221
16.550 18.380 41.221
15.227 19.490 41.221
13.831 20.505 41.221
12.367 21.420 41.221
10.842 22.230 41.221
9.265 22.932 41.221
7.643 23.523 41.221
5.984 23.999 41.221
4.295 24.358 41.221
2.585 24.598 41.221
0.863 24.718 41.221
-0.863 24.718 41.221
-2.585 24.598 41.221
-4.295 24.358 41.221
-5.984 23.999 41.221
-7.643 23.523 41.221
-9.265 22.932 41.221
-10.842 22.230 41.221
-12.367 21.420 41.221
-13.831 20.505 41.221
-15.227 19.490 41.221
-16.550 18.380 41.221
-17.792 17.181 41.221
-18.947 15.898 41.221
-20.010 14.538 41.221
-20.975 13.107 41.221
-21.838 11.612 41.221
-22.595 10.060 41.221
-23.242 8.459 41.221
-23.775 6.817 41.221
-24.193 5.142 41.221
-24.493 3.442 41.221
-24.673 1.725 41.221
-24.733 -0.000 41.221
-24.673 -1.725 41.221
-24.493 -3.442 41.221
-24.193 -5.142 41.221
-23.775 -6.817 41.221
-23.242 -8.459 41.221
-22.595 -10.060 41.221
-21.838 -11.612 41.221
-20.975 -13.107 41.221
-20.010 -14.538 41.221
-18.947 -15.898 41.221
-17.792 -17.181 41.221
-16.550 -18.380 41.221
-15.227 -19.490 41.221
-13.831 -20.505 41.221
-12.367 -21.420 41.221
-10.842 -22.230 41.221
-9.265 -22.932 41.221
-7.643 -23.523 41.221
-5.984 -23.999 41.221
-4.295 -24.358 41.221
-2.585 -24.598 41.221
-0.863 -24.718 41.221
0.863 -24.718 41.221
2.585 -24.598 41.221
4.295 -24.358 41.221
5.984 -23.999 41.221
7.643 -23.523 41.221
9.265 -22.932 41.221
10.842 -22.230 41.221
12.367 -21.420 41.221
13.831 -20.505 41.221
15.227 -19.490 41.221
16.550 -18.380 41.221
17.792 -17.181 41.221
18.947 -15.898 41.221
20.010 -14.538 41.221
20.975 -13.107 41.221
21.838 -11.612 41.221
22.595 -10.060 41.221
23.242 -8.459 41.221
23.775 -6.817 41.221
24.193 -5.142 41.221
24.493 -3.442 41.221
24.673 -1.725 41.221
23.634 0.000 37.068
23.576 1.649 37.068
23.404 3.289 37.068
23.117 4.914 37.068
22.718 6.514 37.068
22.209 8.083 37.068
21.591 9.613 37.068
20.867 11.095 37.068
20.043 12.524 37.068
19.120 13.892 37.068
18.105 15.192 37.068
17.001 16.417 37.068
15.814 17.563 37.068
14.550 18.624 37.068
13.216 19.593 37.068
11.817 20.467 37.068
10.360 21.242 37.068
8.853 21.913 37.068
7.303 22.477 37.068
5.718 22.932 37.068
4.104 23.275 37.068
2.470 23.504 37.068
0.825 23.619 37.068
-0.825 23.619 37.068
-2.470 23.504 37.068
-4.104 23.275 37.068
-5.718 22.932 37.068
-7.303 22.477 37.068
-8.853 21.913 37.068
-10.360 21.242 37.068
-11.817 20.467 37.068
-13.216 19.593 37.068
-14.550 18.624 37.068
-15.814 17.563 37.068
-17.001 16.417 37.068
-18.105 15.192 37.068
-19.120 13.892 37.068
-20.043 12.524 37.068
-20.867 11.095 37.068
-21.591 9.613 37.068
-22.209 8.083 37.068
-22.718 6.514 37.068
-23.117 4.914 37.068
-23.404 3.289 37.068
-23.576 1.649 37.068
-23.634 -0.000 37.068
-23.576 -1.649 37.068
-23.404 -3.289 37.068
-23.117 -4.914 37.068
-22.718 -6.514 37.068
-22.209 -8.083 37.068
-21.591 -9.613 37.068
-20.867 -11.095 37.068
-20.043 -12.524 37.068
-19.120 -13.892 37.068
-18.105 -15.192 37.068
-17.001 -16.417 37.068
-15.814 -17.563 37.068
-14.550 -18.624 37.068
-13.216 -19.593 37.068
-11.817 -20.467 37.068
-10.360 -21.242 37.068
-8.853 -21.913 37.068
-7.303 -22.477 37.068
-5.718 -22.932 37.068
-4.104 -23.275 37.068
-2.470 -23.504 37.068
-0.825 -23.619 37.068
0.825 -23.619 37.068
2.470 -23.504 37.068
4.104 -23.275 37.068
5.718 -22.932 37.068
7.303 -22.477 37.068
8.853 -21.913 37.068
10.360 -21.242 37.068
11.817 -20.467 37.068
13.216 -19.593 37.068
14.550 -18.624 37.068
15.814 -17.563 37.068
17.001 -16.417 37.068
18.105 -15.192 37.068
19.120 -13.892 37.068
20.043 -12.524 37.068
20.867 -11.095 37.068
21.591 -9.613 37.068
22.209 -8.083 37.068
22.718 -6.514 37.068
23.117 -4.914 37.068
23.404 -3.289 37.068
23.576 -1.649 37.068
22.483 0.000 33.087
22.428 1.568 33.087
22.264 3.129 33.087
21.992 4.674 33.087
21.612 6.197 33.087
21.127 7.690 33.087
20.539 9.145 33.087
19.851 10.555 33.087
19.067 11.914 33.087
18.189 13.215 33.087
17.223 14.452 33.087
16.173 15.618 33.087
15.044 16.708 33.087
13.842 17.717 33.087
12.572 18.639 33.087
11.242 19.471 33.087
9.856 20.208 33.087
8.422 20.846 33.087
6.948 21.383 33.087
5.439 21.815 33.087
3.904 22.141 33.087
2.350 22.360 33.087
0.785 22.469 33.087
-0.785 22.469 33.087
-2.350 22.360 33.087
-3.904 22.141 33.087
-5.439 21.815 33.087
-6.948 21.383 33.087
-8.422 20.846 33.087
-9.856 20.208 33.087
-11.242 19.471 33.087
-12.572 18.639 33.087
-13.842 17.717 33.087
-15.044 16.708 33.087
-16.173 15.618 33.087
-17.223 14.452 33.087
-18.189 13.215 33.087
-19.067 11.914 33.087
-19.851 10.555 33.087
-20.539 9.145 33.087
-21.127 7.690 33.087
-21.612 6.197 33.087
-21.992 4.674 33.087
-22.264 3.129 33.087
-22.428 1.568 33.087
-22.483 -0.000 33.087
-22.428 -1.568 33.087
-22.264 -3.129 33.087
-21.992 -4.674 33.087
-21.612 -6.197 33.087
-21.127 -7.690 33.087
-20.539 -9.145 33.087
-19.851 -10.555 33.087
-19.067 -11.914 33.087
-18.189 -13.215 33.087
-17.223 -14.452 33.087
-16.173 -15.618 33.087
-15.044 -16.708 33.087
-13.842 -17.717 33.087
-12.572 -18.639 33.087
-11.242 -19.471 33.087
-9.856 -20.208 33.087
-8.422 -20.846 33.087
-6.948 -21.383 33.087
-5.439 -21.815 33.087
-3.904 -22.141 33.087
-2.350 -22.360 33.087
-0.785 -22.469 33.087
0.785 -22.469 33.087
2.350 -22.360 33.087
3.904 -22.141 33.087
5.439 -21.815 33.087
6.948 -21.383 33.087
8.422 -20.846 33.087
9.856 -20.208 33.087
11.242 -19.471 33.087
12.572 -18.639 33.087
13.842 -17.717 33.087
15.044 -16.708 33.087
16.173 -15.618 33.087
17.223 -14.452 33.087
18.189 -13.215 33.087
19.067 -11.914 33.087
19.851 -10.555 33.087
20.539 -9.145 33.087
21.127 -7.690 33.087
21.612 -6.197 33.087
21.992 -4.674 33.087
22.264 -3.129 33.087
22.428 -1.568 33.087
21.284 0.000 29.289
21.232 1.485 29.289
21.077 2.962 29.289
20.819 4.425 29.289
20.460 5.867 29.289
20.001 7.280 29.289
19.444 8.657 29.289
18.793 9.992 29.289
18.050 11.279 29.289
17.219 12.511 29.289
16.305 13.681 29.289
15.311 14.785 29.289
14.242 15.817 29.289
13.104 16.772 29.289
11.902 17.645 29.289
10.642 18.433 29.289
9.330 19.130 29.289
7.973 19.734 29.289
6.577 20.242 29.289
5.149 20.652 29.289
3.696 20.961 29.289
2.225 21.168 29.289
0.743 21.271 29.289
-0.743 21.271 29.289
-2.225 21.168 29.289
-3.696 20.961 29.289
-5.149 20.652 29.289
-6.577 20.242 29.289
-7.973 19.734 29.289
-9.330 19.130 29.289
-10.642 18.433 29.289
-11.902 17.645 29.289
-13.104 16.772 29.289
-14.242 15.817 29.289
-15.311 14.785 29.289
-16.305 13.681 29.289
-17.219 12.511 29.289
-18.050 11.279 29.289
-18.793 9.992 29.289
-19.444 8.657 29.289
-20.001 7.280 29.289
-20.460 5.867 29.289
-20.819 4.425 29.289
-21.077 2.962 29.289
-21.232 1.485 29.289
-21.284 -0.000 29.289
-21.232 -1.485 29.289
-21.077 -2.962 29.289
-20.819 -4.425 29.289
-20.460 -5.867 29.289
-20.001 -7.280 29.289
-19.444 -8.657 29.289
-18.793 -9.992 29.289
-18.050 -11.279 29.289
-17.219 -12.511 29.289
-16.305 -13.681 29.289
-15.311 -14.785 29.289
-14.242 -15.817 29.289
-13.104 -16.772 29.289
-11.902 -17.645 29.289
-10.642 -18.433 29.289
-9.330 -19.130 29.289
-7.973 -19.734 29.289
-6.577 -20.242 29.289
-5.149 -20.652 29.289
-3.696 -20.961 29.289
-2.225 -21.168 29.289
-0.743 -21.271 29.289
0.743 -21.271 29.289
2.225 -21.168 29.289
3.696 -20.961 29.289
5.149 -20.652 29.289
6.577 -20.242 29.289
7.973 -19.734 29.289
9.330 -19.130 29.289
10.642 -18.433 29.289
11.902 -17.645 29.289
13.104 -16.772 29.289
14.242 -15.817 29.289
15.311 -14.785 29.289
16.305 -13.681 29.289
17.219 -12.511 29.289
18.050 -11.279 29.289
18.793 -9.992 29.289
19.444 -8.657 29.289
20.001 -7.280 29.289
20.460 -5.867 29.289
20.819 -4.425 29.289
21.077 -2.962 29.289
21.232 -1.485 29.289
20.041 0.000 25.686
19.992 1.398 25.686
19.846 2.789 25.686
19.603 4.167 25.686
19.264 5.524 25.686
18.832 6.854 25.686
18.308 8.151 25.686
17.695 9.408 25.686
16.995 10.620 25.686
16.213 11.780 25.686
15.352 12.882 25.686
14.416 13.921 25.686
13.410 14.893 25.686
12.338 15.792 25.686
11.207 16.614 25.686
10.020 17.356 25.686
8.785 18.012 25.686
7.507 18.581 25.686
6.193 19.060 25.686
4.848 19.445 25.686
3.480 19.736 25.686
2.095 19.931 25.686
0.699 20.028 25.686
-0.699 20.028 25.686
-2.095 19.931 25.686
-3.480 19.736 25.686
-4.848 19.445 25.686
-6.193 19.060 25.686
-7.507 18.581 25.686
-8.785 18.012 25.686
-10.020 17.356 25.686
-11.207 16.614 25.686
-12.338 15.792 25.686
-13.410 14.893 25.686
-14.416 13.921 25.686
-15.352 12.882 25.686
-16.213 11.780 25.686
-16.995 10.620 25.686
-17.695 9.408 25.686
-18.308 8.151 25.686
-18.832 6.854 25.686
-19.264 5.524 25.686
-19.603 4.167 25.686
-19.846 2.789 25.686
-19.992 1.398 25.686
-20.041 -0.000 25.686
-19.992 -1.398 25.686
-19.846 -2.789 25.686
-19.603 -4.167 25.686
-19.264 -5.524 25.686
-18.832 -6.854 25.686
-18.308 -8.151 25.686
-17.695 -9.408 25.686
-16.995 -10.620 25.686
-16.213 -11.780 25.686
-15.352 -12.882 25.686
-14.416 -13.921 25.686
-13.410 -14.893 25.686
-12.338 -15.792 25.686
-11.207 -16.614 25.686
-10.020 -17.356 25.686
-8.785 -18.012 25.686
-7.507 -18.581 25.686
-6.193 -19.060 25.686
-4.848 -19.445 25.686
-3.480 -19.736 25.686
-2.095 -19.931 25.686
-0.699 -20.028 25.686
0.699 -20.028 25.686
2.095 -19.931 25.686
3.480 -19.736 25.686
4.848 -19.445 25.686
6.193 -19.060 25.686
7.507 -18.581 25.686
8.785 -18.012 25.686
10.020 -17.356 25.686
11.207 -16.614 25.686
12.338 -15.792 25.686
13.410 -14.893 25.686
14.416 -13.921 25.686
15.352 -12.882 25.686
16.213 -11.780 25.686
16.995 -10.620 25.686
17.695 -9.408 25.686
18.308 -8.151 25.686
18.832 -6.854 25.686
19.264 -5.524 25.686
19.603 -4.167 25.686
19.846 -2.789 25.686
19.992 -1.398 25.686
18.756 0.000 22.285
18.573 2.610 22.285
18.029 5.170 22.285
17.134 7.629 22.285
15.906 9.939 22.285
14.368 12.056 22.285
12.550 13.938 22.285
10.488 15.549 22.285
8.222 16.857 22.285
5.796 17.838 22.285
3.257 18.471 22.285
0.655 18.744 22.285
-1.960 18.653 22.285
-4.537 18.198 22.285
-7.026 17.390 22.285
-9.378 16.243 22.285
-11.547 14.780 22.285
-13.492 13.029 22.285
-15.174 11.024 22.285
-16.560 8.805 22.285
-17.624 6.415 22.285
-18.346 3.900 22.285
-18.710 1.308 22.285
-18.710 -1.308 22.285
-18.346 -3.900 22.285
-17.624 -6.415 22.285
-16.560 -8.805 22.285
-15.174 -11.024 22.285
-13.492 -13.029 22.285
-11.547 -14.780 22.285
-9.378 -16.243 22.285
-7.026 -17.390 22.285
-4.537 -18.198 22.285
-1.960 -18.653 22.285
0.655 -18.744 22.285
3.257 -18.471 22.285
5.796 -17.838 22.285
8.222 -16.857 22.285
10.488 -15.549 22.285
12.550 -13.938 22.285
14.368 -12.056 22.285
15.906 -9.939 22.285
17.134 -7.629 22.285
18.029 -5.170 22.285
18.573 -2.610 22.285
17.433 0.000 19.098
17.263 2.426 19.098
16.757 4.805 19.098
15.926 7.091 19.098
14.784 9.238 19.098
13.354 11.206 19.098
11.665 12.955 19.098
9.748 14.452 19.098
7.642 15.668 19.098
5.387 16.580 19.098
3.027 17.168 19.098
0.608 17.422 19.098
-1.822 17.337 19.098
-4.217 16.915 19.098
-6.530 16.163 19.098
-8.716 15.097 19.098
-10.733 13.737 19.098
-12.540 12.110 19.098
-14.103 10.247 19.098
-15.392 8.184 19.098
-16.381 5.962 19.098
-17.052 3.624 19.098
-17.390 1.216 19.098
-17.390 -1.216 19.098
-17.052 -3.624 19.098
-16.381 -5.962 19.098
-15.392 -8.184 19.098
-14.103 -10.247 19.098
-12.540 -12.110 19.098
-10.733 -13.737 19.098
-8.716 -15.097 19.098
-6.530 -16.163 19.098
-4.217 -16.915 19.098
-1.822 -17.337 19.098
0.608 -17.422 19.098
3.027 -17.168 19.098
5.387 -16.580 19.098
7.642 -15.668 19.098
9.748 -14.452 19.098
11.665 -12.955 19.098
13.354 -11.206 19.098
14.784 -9.238 19.098
15.926 -7.091 19.098
16.757 -4.805 19.098
17.263 -2.426 19.098
16.037 1.121 16.133
15.724 3.342 16.133
15.106 5.498 16.133
14.194 7.547 16.133
13.006 9.449 16.133
11.564 11.167 16.133
9.897 12.668 16.133
8.038 13.922 16.133
6.022 14.905 16.133
3.889 15.598 16.133
1.680 15.988 16.133
-0.561 16.066 16.133
-2.792 15.831 16.133
-4.968 15.289 16.133
-7.047 14.449 16.133
-8.989 13.327 16.133
-10.757 11.947 16.133
-12.315 10.333 16.133
-13.633 8.519 16.133
-14.686 6.539 16.133
-15.453 4.431 16.133
-15.919 2.237 16.133
-16.076 -0.000 16.133
-15.919 -2.237 16.133
-15.453 -4.431 16.133
-14.686 -6.539 16.133
-13.633 -8.519 16.133
-12.315 -10.333 16.133
-10.757 -11.947 16.133
-8.989 -13.327 16.133
-7.047 -14.449 16.133
-4.968 -15.289 16.133
-2.792 -15.831 16.133
-0.561 -16.066 16.133
1.680 -15.988 16.133
3.889 -15.598 16.133
6.022 -14.905 16.133
8.038 -13.922 16.133
9.897 -12.668 16.133
11.564 -11.167 16.133
13.006 -9.449 16.133
14.194 -7.547 16.133
15.106 -5.498 16.133
15.724 -3.342 16.133
16.037 -1.121 16.133
14.688 0.000 13.397
14.545 2.044 13.397
14.119 4.049 13.397
13.418 5.974 13.397
12.456 7.784 13.397
11.252 9.441 13.397
9.828 10.915 13.397
8.214 12.177 13.397
6.439 13.202 13.397
4.539 13.969 13.397
2.551 14.465 13.397
0.513 14.679 13.397
-1.535 14.608 13.397
-3.553 14.252 13.397
-5.502 13.619 13.397
-7.344 12.720 13.397
-9.043 11.574 13.397
-10.566 10.203 13.397
-11.883 8.633 13.397
-12.969 6.896 13.397
-13.802 5.024 13.397
-14.367 3.054 13.397
-14.652 1.025 13.397
-14.652 -1.025 13.397
-14.367 -3.054 13.397
-13.802 -5.024 13.397
-12.969 -6.896 13.397
-11.883 -8.633 13.397
-10.566 -10.203 13.397
-9.043 -11.574 13.397
-7.344 -12.720 13.397
-5.502 -13.619 13.397
-3.553 -14.252 13.397
-1.535 -14.608 13.397
0.513 -14.679 13.397
2.551 -14.465 13.397
4.539 -13.969 13.397
6.439 -13.202 13.397
8.214 -12.177 13.397
9.828 -10.915 13.397
11.252 -9.441 13.397
12.456 -7.784 13.397
13.418 -5.974 13.397
14.119 -4.049 13.397
14.545 -2.044 13.397
13.274 0.000 10.899
13.145 1.847 10.899
12.760 3.659 10.899
12.126 5.399 10.899
11.257 7.034 10.899
10.168 8.532 10.899
8.882 9.864 10.899
7.423 11.005 10.899
5.819 11.931 10.899
4.102 12.624 10.899
2.305 13.072 10.899
0.463 13.266 10.899
-1.388 13.201 10.899
-3.211 12.880 10.899
-4.973 12.307 10.899
-6.637 11.496 10.899
-8.172 10.460 10.899
-9.548 9.221 10.899
-10.739 7.802 10.899
-11.720 6.232 10.899
-12.473 4.540 10.899
-12.984 2.760 10.899
-13.242 0.926 10.899
-13.242 -0.926 10.899
-12.984 -2.760 10.899
-12.473 -4.540 10.899
-11.720 -6.232 10.899
-10.739 -7.802 10.899
-9.548 -9.221 10.899
-8.172 -10.460 10.899
-6.637 -11.496 10.899
-4.973 -12.307 10.899
-3.211 -12.880 10.899
-1.388 -13.201 10.899
0.463 -13.266 10.899
2.305 -13.072 10.899
4.102 -12.624 10.899
5.819 -11.931 10.899
7.423 -11.005 10.899
8.882 -9.864 10.899
10.168 -8.532 10.899
11.257 -7.034 10.899
12.126 -5.399 10.899
12.760 -3.659 10.899
13.145 -1.847 10.899
11.808 0.826 8.645
11.578 2.461 8.645
11.123 4.048 8.645
10.451 5.557 8.645
9.576 6.958 8.645
8.515 8.223 8.645
7.288 9.328 8.645
5.918 10.251 8.645
4.434 10.975 8.645
2.864 11.485 8.645
1.237 11.772 8.645
-0.413 11.830 8.645
-2.055 11.657 8.645
-3.658 11.258 8.645
-5.189 10.639 8.645
-6.619 9.813 8.645
-7.920 8.797 8.645
-9.068 7.609 8.645
-10.038 6.273 8.645
-10.814 4.815 8.645
-11.378 3.263 8.645
-11.722 1.647 8.645
-11.837 -0.000 8.645
-11.722 -1.647 8.645
-11.378 -3.263 8.645
-10.814 -4.815 8.645
-10.038 -6.273 8.645
-9.068 -7.609 8.645
-7.920 -8.797 8.645
-6.619 -9.813 8.645
-5.189 -10.639 8.645
-3.658 -11.258 8.645
-2.055 -11.657 8.645
-0.413 -11.830 8.645
1.237 -11.772 8.645
2.864 -11.485 8.645
4.434 -10.975 8.645
5.918 -10.251 8.645
7.288 -9.328 8.645
8.515 -8.223 8.645
9.576 -6.958 8.645
10.451 -5.557 8.645
11.123 -4.048 8.645
11.578 -2.461 8.645
11.808 -0.826 8.645
10.356 0.724 6.642
9.979 2.861 6.642
9.166 4.874 6.642
7.952 6.673 6.642
6.391 8.180 6.642
4.551 9.330 6.642
2.511 10.073 6.642
0.362 10.375 6.642
-1.803 10.223 6.642
-3.889 9.625 6.642
-5.805 8.606 6.642
-7.467 7.211 6.642
-8.804 5.501 6.642
-9.755 3.551 6.642
-10.280 1.445 6.642
-10.356 -0.724 6.642
-9.979 -2.861 6.642
-9.166 -4.874 6.642
-7.952 -6.673 6.642
-6.391 -8.180 6.642
-4.551 -9.330 6.642
-2.511 -10.073 6.642
-0.362 -10.375 6.642
1.803 -10.223 6.642
3.889 -9.625 6.642
5.805 -8.606 6.642
7.467 -7.211 6.642
8.804 -5.501 6.642
9.755 -3.551 6.642
10.280 -1.445 6.642
8.910 0.000 4.894
8.715 1.853 4.894
8.140 3.624 4.894
7.209 5.237 4.894
5.962 6.622 4.894
4.455 7.716 4.894
2.753 8.474 4.894
0.931 8.861 4.894
-0.931 8.861 4.894
-2.753 8.474 4.894
-4.455 7.716 4.894
-5.962 6.622 4.894
-7.209 5.237 4.894
-8.140 3.624 4.894
-8.715 1.853 4.894
-8.910 -0.000 4.894
-8.715 -1.853 4.894
-8.140 -3.624 4.894
-7.209 -5.237 4.894
-5.962 -6.622 4.894
-4.455 -7.716 4.894
-2.753 -8.474 4.894
-0.931 -8.861 4.894
0.931 -8.861 4.894
2.753 -8.474 4.894
4.455 -7.716 4.894
5.962 -6.622 4.894
7.209 -5.237 4.894
8.140 -3.624 4.894
8.715 -1.853 4.894
7.356 1.034 3.407
6.981 2.541 3.407
6.300 3.937 3.407
5.344 5.160 3.407
4.154 6.159 3.407
2.783 6.888 3.407
1.290 7.316 3.407
-0.259 7.424 3.407
-1.797 7.208 3.407
-3.256 6.677 3.407
-4.573 5.854 3.407
-5.691 4.775 3.407
-6.559 3.487 3.407
-7.141 2.048 3.407
-7.410 0.518 3.407
-7.356 -1.034 3.407
-6.981 -2.541 3.407
-6.300 -3.937 3.407
-5.344 -5.160 3.407
-4.154 -6.159 3.407
-2.783 -6.888 3.407
-1.290 -7.316 3.407
0.259 -7.424 3.407
1.797 -7.208 3.407
3.256 -6.677 3.407
4.573 -5.854 3.407
5.691 -4.775 3.407
6.559 -3.487 3.407
7.141 -2.048 3.407
7.410 -0.518 3.407
5.810 1.235 2.185
5.037 3.148 2.185
3.657 4.681 2.185
1.836 5.649 2.185
-0.207 5.936 2.185
-2.225 5.508 2.185
-3.975 4.414 2.185
-5.245 2.789 2.185
-5.882 0.827 2.185
-5.810 -1.235 2.185
-5.037 -3.148 2.185
-3.657 -4.681 2.185
-1.836 -5.649 2.185
0.207 -5.936 2.185
2.225 -5.508 2.185
3.975 -4.414 2.185
5.245 -2.789 2.185
5.882 -0.827 2.185
4.449 0.000 1.231
4.064 1.810 1.231
2.977 3.306 1.231
1.375 4.231 1.231
-0.465 4.425 1.231
-2.224 3.853 1.231
-3.599 2.615 1.231
-4.352 0.925 1.231
-4.352 -0.925 1.231
-3.599 -2.615 1.231
-2.224 -3.853 1.231
-0.465 -4.425 1.231
1.375 -4.231 1.231
2.977 -3.306 1.231
4.064 -1.810 1.231
2.394 1.739 0.548
0.716 2.871 0.548
-1.297 2.660 0.548
-2.703 1.204 0.548
-2.845 -0.816 0.548
-1.655 -2.453 0.548
0.309 -2.943 0.548
2.129 -2.056 0.548
2.952 -0.206 0.548
0.647 1.326 0.137
-1.061 1.024 0.137
-1.302 -0.692 0.137
0.256 -1.452 0.137
1.460 -0.205 0.137
0.000 0.000 -0.000
30.600 0.000 100.000
30.525 2.135 100.000
30.302 4.259 100.000
29.931 6.362 100.000
29.415 8.435 100.000
28.755 10.466 100.000
27.954 12.446 100.000
27.018 14.366 100.000
25.950 16.216 100.000
24.756 17.986 100.000
23.441 19.669 100.000
22.012 21.257 100.000
20.475 22.740 100.000
18.839 24.113 100.000
17.111 25.369 100.000
15.300 26.500 100.000
13.414 27.503 100.000
11.463 28.372 100.000
9.456 29.102 100.000
7.403 29.691 100.000
5.314 30.135 100.000
3.199 30.432 100.000
1.068 30.581 100.000
-1.068 30.581 100.000
-3.199 30.432 100.000
-5.314 30.135 100.000
-7.403 29.691 100.000
-9.456 29.102 100.000
-11.463 28.372 100.000
-13.414 27.503 100.000
-15.300 26.500 100.000
-17.111 25.369 100.000
-18.839 24.113 100.000
-20.475 22.740 100.000
-22.012 21.257 100.000
-23.441 19.669 100.000
-24.756 17.986 100.000
-25.950 16.216 100.000
-27.018 14.366 100.000
-27.954 12.446 100.000
-28.755 10.466 100.000
-29.415 8.435 100.000
-29.931 6.362 100.000
-30.302 4.259 100.000
-30.525 2.135 100.000
-30.600 -0.000 100.000
-30.525 -2.135 100.000
-30.302 -4.259 100.000
-29.931 -6.362 100.000
-29.415 -8.435 100.000
-28.755 -10.466 100.000
-27.954 -12.446 100.000
-27.018 -14.366 100.000
-25.950 -16.216 100.000
-24.756 -17.986 100.000
-23.441 -19.669 100.000
-22.012 -21.257 100.000
-20.475 -22.740 100.000
-18.839 -24.113 100.000
-17.111 -25.369 100.000
-15.300 -26.500 100.000
-13.414 -27.503 100.000
-11.463 -28.372 100.000
-9.456 -29.102 100.000
-7.403 -29.691 100.000
-5.314 -30.135 100.000
-3.199 -30.432 100.000
-1.068 -30.581 100.000
1.068 -30.581 100.000
3.199 -30.432 100.000
5.314 -30.135 100.000
7.403 -29.691 100.000
9.456 -29.102 100.000
11.463 -28.372 100.000
13.414 -27.503 100.000
15.300 -26.500 100.000
17.111 -25.369 100.000
18.839 -24.113 100.000
20.475 -22.740 100.000
22.012 -21.257 100.000
23.441 -19.669 100.000
24.756 -17.986 100.000
25.950 -16.216 100.000
27.018 -14.366 100.000
27.954 -12.446 100.000
28.755 -10.466 100.000
29.415 -8.435 100.000
29.931 -6.362 100.000
30.302 -4.259 100.000
30.525 -2.135 100.000
30.324 0.000 94.871
30.250 2.115 94.871
30.029 4.220 94.871
29.661 6.305 94.871
29.149 8.358 94.871
28.495 10.371 94.871
27.702 12.334 94.871
26.775 14.236 94.871
25.716 16.069 94.871
24.533 17.824 94.871
23.230 19.492 94.871
21.813 21.065 94.871
20.291 22.535 94.871
18.669 23.896 94.871
16.957 25.140 94.871
15.162 26.261 94.871
13.293 27.255 94.871
11.360 28.116 94.871
9.371 28.840 94.871
7.336 29.423 94.871
5.266 29.863 94.871
3.170 30.158 94.871
1.058 30.306 94.871
-1.058 30.306 94.871
-3.170 30.158 94.871
-5.266 29.863 94.871
-7.336 29.423 94.871
-9.371 28.840 94.871
-11.360 28.116 94.871
-13.293 27.255 94.871
-15.162 26.261 94.871
-16.957 25.140 94.871
-18.669 23.896 94.871
-20.291 22.535 94.871
-21.813 21.065 94.871
-23.230 19.492 94.871
-24.533 17.824 94.871
-25.716 16.069 94.871
-26.775 14.236 94.871
-27.702 12.334 94.871
-28.495 10.371 94.871
-29.149 8.358 94.871
-29.661 6.305 94.871
-30.029 4.220 94.871
-30.250 2.115 94.871
-30.324 -0.000 94.871
-30.250 -2.115 94.871
-30.029 -4.220 94.871
-29.661 -6.305 94.871
-29.149 -8.358 94.871
-28.495 -10.371 94.871
-27.702 -12.334 94.871
-26.775 -14.236 94.871
-25.716 -16.069 94.871
-24.533 -17.824 94.871
-23.230 -19.492 94.871
-21.813 -21.065 94.871
-20.291 -22.535 94.871
-18.669 -23.896 94.871
-16.957 -25.140 94.871
-15.162 -26.261 94.871
-13.293 -27.255 94.871
-11.360 -28.116 94.871
-9.371 -28.840 94.871
-7.336 -29.423 94.871
-5.266 -29.863 94.871
-3.170 -30.158 94.871
-1.058 -30.306 94.871
1.058 -30.306 94.871
3.170 -30.158 94.871
5.266 -29.863 94.871
7.336 -29.423 94.871
9.371 -28.840 94.871
11.360 -28.116 94.871
13.293 -27.255 94.871
15.162 -26.261 94.871
16.957 -25.140 94.871
18.669 -23.896 94.871
20.291 -22.535 94.871
21.813 -21.065 94.871
23.230 -19.492 94.871
24.533 -17.824 94.871
25.716 -16.069 94.871
26.775 -14.236 94.871
27.702 -12.334 94.871
28.495 -10.371 94.871
29.149 -8.358 94.871
29.661 -6.305 94.871
30.029 -4.220 94.871
30.250 -2.115 94.871
29.978 0.000 89.756
29.905 2.091 89.756
29.686 4.172 89.756
29.323 6.233 89.756
28.816 8.263 89.756
28.170 10.253 89.756
27.386 12.193 89.756
26.469 14.074 89.756
25.423 15.886 89.756
24.252 17.620 89.756
22.964 19.269 89.756
21.564 20.824 89.756
20.059 22.278 89.756
18.456 23.623 89.756
16.763 24.853 89.756
14.989 25.961 89.756
13.141 26.944 89.756
11.230 27.795 89.756
9.264 28.511 89.756
7.252 29.087 89.756
5.206 29.522 89.756
3.134 29.814 89.756
1.046 29.959 89.756
-1.046 29.959 89.756
-3.134 29.814 89.756
-5.206 29.522 89.756
-7.252 29.087 89.756
-9.264 28.511 89.756
-11.230 27.795 89.756
-13.141 26.944 89.756
-14.989 25.961 89.756
-16.763 24.853 89.756
-18.456 23.623 89.756
-20.059 22.278 89.756
-21.564 20.824 89.756
-22.964 19.269 89.756
-24.252 17.620 89.756
-25.423 15.886 89.756
-26.469 14.074 89.756
-27.386 12.193 89.756
-28.170 10.253 89.756
-28.816 8.263 89.756
-29.323 6.233 89.756
-29.686 4.172 89.756
-29.905 2.091 89.756
-29.978 -0.000 89.756
-29.905 -2.091 89.756
-29.686 -4.172 89.756
-29.323 -6.233 89.756
-28.816 -8.263 89.756
-28.170 -10.253 89.756
-27.386 -12.193 89.756
-26.469 -14.074 89.756
-25.423 -15.886 89.756
-24.252 -17.620 89.756
-22.964 -19.269 89.756
-21.564 -20.824 89.756
-20.059 -22.278 89.756
-18.456 -23.623 89.756
-16.763 -24.853 89.756
-14.989 -25.961 89.756
-13.141 -26.944 89.756
-11.230 -27.795 89.756
-9.264 -28.511 89.756
-7.252 -29.087 89.756
-5.206 -29.522 89.756
-3.134 -29.814 89.756
-1.046 -29.959 89.756
1.046 -29.959 89.756
3.134 -29.814 89.756
5.206 -29.522 89.756
7.252 -29.087 89.756
9.264 -28.511 89.756
11.230 -27.795 89.756
13.141 -26.944 89.756
14.989 -25.961 89.756
16.763 -24.853 89.756
18.456 -23.623 89.756
20.059 -22.278 89.756
21.564 -20.824 89.756
22.964 -19.269 89.756
24.252 -17.620 89.756
25.423 -15.886 89.756
26.469 -14.074 89.756
27.386 -12.193 89.756
28.170 -10.253 89.756
28.816 -8.263 89.756
29.323 -6.233 89.756
29.686 -4.172 89.756
29.905 -2.091 89.756
29.562 0.000 84.669
29.490 2.062 84.669
29.274 4.114 84.669
28.916 6.146 84.669
28.417 8.148 84.669
27.779 10.111 84.669
27.006 12.024 84.669
26.101 13.878 84.669
25.070 15.665 84.669
23.916 17.376 84.669
22.646 19.002 84.669
21.265 20.535 84.669
19.781 21.969 84.669
18.200 23.295 84.669
16.531 24.508 84.669
14.781 25.601 84.669
12.959 26.570 84.669
11.074 27.409 84.669
9.135 28.115 84.669
7.152 28.684 84.669
5.133 29.113 84.669
3.090 29.400 84.669
1.032 29.544 84.669
-1.032 29.544 84.669
-3.090 29.400 84.669
-5.133 29.113 84.669
-7.152 28.684 84.669
-9.135 28.115 84.669
-11.074 27.409 84.669
-12.959 26.570 84.669
-14.781 25.601 84.669
-16.531 24.508 84.669
-18.200 23.295 84.669
-19.781 21.969 84.669
-21.265 20.535 84.669
-22.646 19.002 84.669
-23.916 17.376 84.669
-25.070 15.665 84.669
-26.101 13.878 84.669
-27.006 12.024 84.669
-27.779 10.111 84.669
-28.417 8.148 84.669
-28.916 6.146 84.669
-29.274 4.114 84.669
-29.490 2.062 84.669
-29.562 -0.000 84.669
-29.490 -2.062 84.669
-29.274 -4.114 84.669
-28.916 -6.146 84.669
-28.417 -8.148 84.669
-27.779 -10.111 84.669
-27.006 -12.024 84.669
-26.101 -13.878 84.669
-25.070 -15.665 84.669
-23.916 -17.376 84.669
-22.646 -19.002 84.669
-21.265 -20.535 84.669
-19.781 -21.969 84.669
-18.200 -23.295 84.669
-16.531 -24.508 84.669
-14.781 -25.601 84.669
-12.959 -26.570 84.669
-11.074 -27.409 84.669
-9.135 -28.115 84.669
-7.152 -28.684 84.669
-5.133 -29.113 84.669
-3.090 -29.400 84.669
-1.032 -29.544 84.669
1.032 -29.544 84.669
3.090 -29.400 84.669
5.133 -29.113 84.669
7.152 -28.684 84.669
9.135 -28.115 84.669
11.074 -27.409 84.669
12.959 -26.570 84.669
14.781 -25.601 84.669
16.531 -24.508 84.669
18.200 -23.295 84.669
19.781 -21.969 84.669
21.265 -20.535 84.669
22.646 -19.002 84.669
23.916 -17.376 84.669
25.070 -15.665 84.669
26.101 -13.878 84.669
27.006 -12.024 84.669
27.779 -10.111 84.669
28.417 -8.148 84.669
28.916 -6.146 84.669
29.274 -4.114 84.669
29.490 -2.062 84.669
29.077 0.000 79.625
29.006 2.028 79.625
28.794 4.047 79.625
28.442 6.046 79.625
27.951 8.015 79.625
27.324 9.945 79.625
26.563 11.827 79.625
25.674 13.651 79.625
24.659 15.409 79.625
23.524 17.091 79.625
22.275 18.691 79.625
20.916 20.199 79.625
19.457 21.609 79.625
17.902 22.913 79.625
16.260 24.106 79.625
14.539 25.182 79.625
12.747 26.135 79.625
10.893 26.960 79.625
8.985 27.654 79.625
7.034 28.214 79.625
5.049 28.636 79.625
3.039 28.918 79.625
1.015 29.060 79.625
-1.015 29.060 79.625
-3.039 28.918 79.625
-5.049 28.636 79.625
-7.034 28.214 79.625
-8.985 27.654 79.625
-10.893 26.960 79.625
-12.747 26.135 79.625
-14.539 25.182 79.625
-16.260 24.106 79.625
-17.902 22.913 79.625
-19.457 21.609 79.625
-20.916 20.199 79.625
-22.275 18.691 79.625
-23.524 17.091 79.625
-24.659 15.409 79.625
-25.674 13.651 79.625
-26.563 11.827 79.625
-27.324 9.945 79.625
-27.951 8.015 79.625
-28.442 6.046 79.625
-28.794 4.047 79.625
-29.006 2.028 79.625
-29.077 -0.000 79.625
-29.006 -2.028 79.625
-28.794 -4.047 79.625
-28.442 -6.046 79.625
-27.951 -8.015 79.625
-27.324 -9.945 79.625
-26.563 -11.827 79.625
-25.674 -13.651 79.625
-24.659 -15.409 79.625
-23.524 -17.091 79.625
-22.275 -18.691 79.625
-20.916 -20.199 79.625
-19.457 -21.609 79.625
-17.902 -22.913 79.625
-16.260 -24.106 79.625
-14.539 -25.182 79.625
-12.747 -26.135 79.625
-10.893 -26.960 79.625
-8.985 -27.654 79.625
-7.034 -28.214 79.625
-5.049 -28.636 79.625
-3.039 -28.918 79.625
-1.015 -29.060 79.625
1.015 -29.060 79.625
3.039 -28.918 79.625
5.049 -28.636 79.625
7.034 -28.214 79.625
8.985 -27.654 79.625
10.893 -26.960 79.625
12.747 -26.135 79.625
14.539 -25.182 79.625
16.260 -24.106 79.625
17.902 -22.913 79.625
19.457 -21.609 79.625
20.916 -20.199 79.625
22.275 -18.691 79.625
23.524 -17.091 79.625
24.659 -15.409 79.625
25.674 -13.651 79.625
26.563 -11.827 79.625
27.324 -9.945 79.625
27.951 -8.015 79.625
28.442 -6.046 79.625
28.794 -4.047 79.625
29.006 -2.028 79.625
28.526 0.000 74.636
28.456 1.990 74.636
28.248 3.970 74.636
27.902 5.931 74.636
27.421 7.863 74.636
26.805 9.756 74.636
26.060 11.602 74.636
25.187 13.392 74.636
24.191 15.116 74.636
23.078 16.767 74.636
21.852 18.336 74.636
20.520 19.816 74.636
19.087 21.199 74.636
17.562 22.479 74.636
15.951 23.649 74.636
14.263 24.704 74.636
12.505 25.639 74.636
10.686 26.449 74.636
8.815 27.130 74.636
6.901 27.678 74.636
4.953 28.092 74.636
2.982 28.369 74.636
0.996 28.508 74.636
-0.996 28.508 74.636
-2.982 28.369 74.636
-4.953 28.092 74.636
-6.901 27.678 74.636
-8.815 27.130 74.636
-10.686 26.449 74.636
-12.505 25.639 74.636
-14.263 24.704 74.636
-15.951 23.649 74.636
-17.562 22.479 74.636
-19.087 21.199 74.636
-20.520 19.816 74.636
-21.852 18.336 74.636
-23.078 16.767 74.636
-24.191 15.116 74.636
-25.187 13.392 74.636
-26.060 11.602 74.636
-26.805 9.756 74.636
-27.421 7.863 74.636
-27.902 5.931 74.636
-28.248 3.970 74.636
-28.456 1.990 74.636
-28.526 -0.000 74.636
-28.456 -1.990 74.636
-28.248 -3.970 74.636
-27.902 -5.931 74.636
-27.421 -7.863 74.636
-26.805 -9.756 74.636
-26.060 -11.602 74.636
-25.187 -13.392 74.636
-24.191 -15.116 74.636
-23.078 -16.767 74.636
-21.852 -18.336 74.636
-20.520 -19.816 74.636
-19.087 -21.199 74.636
-17.562 -22.479 74.636
-15.951 -23.649 74.636
-14.263 -24.704 74.636
-12.505 -25.639 74.636
-10.686 -26.449 74.636
-8.815 -27.130 74.636
-6.901 -27.678 74.636
-4.953 -28.092 74.636
-2.982 -28.369 74.636
-0.996 -28.508 74.636
0.996 -28.508 74.636
2.982 -28.369 74.636
4.953 -28.092 74.636
6.901 -27.678 74.636
8.815 -27.130 74.636
10.686 -26.449 74.636
12.505 -25.639 74.636
14.263 -24.704 74.636
15.951 -23.649 74.636
17.562 -22.479 74.636
19.087 -21.199 74.636
20.520 -19.816 74.636
21.852 -18.336 74.636
23.078 -16.767 74.636
24.191 -15.116 74.636
25.187 -13.392 74.636
26.060 -11.602 74.636
26.805 -9.756 74.636
27.421 -7.863 74.636
27.902 -5.931 74.636
28.248 -3.970 74.636
28.456 -1.990 74.636
27.909 0.000 69.716
27.841 1.947 69.716
27.637 3.884 69.716
27.299 5.803 69.716
26.827 7.693 69.716
26.225 9.545 69.716
25.496 11.351 69.716
24.642 13.102 69.716
23.668 14.789 69.716
22.579 16.404 69.716
21.379 17.939 69.716
20.076 19.387 69.716
18.674 20.740 69.716
17.182 21.992 69.716
15.606 23.137 69.716
13.954 24.170 69.716
12.234 25.084 69.716
10.455 25.876 69.716
8.624 26.543 69.716
6.752 27.080 69.716
4.846 27.485 69.716
2.917 27.756 69.716
0.974 27.892 69.716
-0.974 27.892 69.716
-2.917 27.756 69.716
-4.846 27.485 69.716
-6.752 27.080 69.716
-8.624 26.543 69.716
-10.455 25.876 69.716
-12.234 25.084 69.716
-13.954 24.170 69.716
-15.606 23.137 69.716
-17.182 21.992 69.716
-18.674 20.740 69.716
-20.076 19.387 69.716
-21.379 17.939 69.716
-22.579 16.404 69.716
-23.668 14.789 69.716
-24.642 13.102 69.716
-25.496 11.351 69.716
-26.225 9.545 69.716
-26.827 7.693 69.716
-27.299 5.803 69.716
-27.637 3.884 69.716
-27.841 1.947 69.716
-27.909 -0.000 69.716
-27.841 -1.947 69.716
-27.637 -3.884 69.716
-27.299 -5.803 69.716
-26.827 -7.693 69.716
-26.225 -9.545 69.716
-25.496 -11.351 69.716
-24.642 -13.102 69.716
-23.668 -14.789 69.716
-22.579 -16.404 69.716
-21.379 -17.939 69.716
-20.076 -19.387 69.716
-18.674 -20.740 69.716
-17.182 -21.992 69.716
-15.606 -23.137 69.716
-13.954 -24.170 69.716
-12.234 -25.084 69.716
-10.455 -25.876 69.716
-8.624 -26.543 69.716
-6.752 -27.080 69.716
-4.846 -27.485 69.716
-2.917 -27.756 69.716
-0.974 -27.892 69.716
0.974 -27.892 69.716
2.917 -27.756 69.716
4.846 -27.485 69.716
6.752 -27.080 69.716
8.624 -26.543 69.716
10.455 -25.876 69.716
12.234 -25.084 69.716
13.954 -24.170 69.716
15.606 -23.137 69.716
17.182 -21.992 69.716
18.674 -20.740 69.716
20.076 -19.387 69.716
21.379 -17.939 69.716
22.579 -16.404 69.716
23.668 -14.789 69.716
24.642 -13.102 69.716
25.496 -11.351 69.716
26.225 -9.545 69.716
26.827 -7.693 69.716
27.299 -5.803 69.716
27.637 -3.884 69.716
27.841 -1.947 69.716
27.228 0.000 64.880
27.161 1.899 64.880
26.963 3.789 64.880
26.633 5.661 64.880
26.173 7.505 64.880
25.585 9.312 64.880
24.874 11.074 64.880
24.040 12.783 64.880
23.090 14.428 64.880
22.028 16.004 64.880
20.857 17.502 64.880
19.586 18.914 64.880
18.219 20.234 64.880
16.763 21.456 64.880
15.225 22.573 64.880
13.614 23.580 64.880
11.936 24.472 64.880
10.200 25.245 64.880
8.414 25.895 64.880
6.587 26.419 64.880
4.728 26.814 64.880
2.846 27.078 64.880
0.950 27.211 64.880
-0.950 27.211 64.880
-2.846 27.078 64.880
-4.728 26.814 64.880
-6.587 26.419 64.880
-8.414 25.895 64.880
-10.200 25.245 64.880
-11.936 24.472 64.880
-13.614 23.580 64.880
-15.225 22.573 64.880
-16.763 21.456 64.880
-18.219 20.234 64.880
-19.586 18.914 64.880
-20.857 17.502 64.880
-22.028 16.004 64.880
-23.090 14.428 64.880
-24.040 12.783 64.880
-24.874 11.074 64.880
-25.585 9.312 64.880
-26.173 7.505 64.880
-26.633 5.661 64.880
-26.963 3.789 64.880
-27.161 1.899 64.880
-27.228 -0.000 64.880
-27.161 -1.899 64.880
-26.963 -3.789 64.880
-26.633 -5.661 64.880
-26.173 -7.505 64.880
-25.585 -9.312 64.880
-24.874 -11.074 64.880
-24.040 -12.783 64.880
-23.090 -14.428 64.880
-22.028 -16.004 64.880
-20.857 -17.502 64.880
-19.586 -18.914 64.880
-18.219 -20.234 64.880
-16.763 -21.456 64.880
-15.225 -22.573 64.880
-13.614 -23.580 64.880
-11.936 -24.472 64.880
-10.200 -25.245 64.880
-8.414 -25.895 64.880
-6.587 -26.419 64.880
-4.728 -26.814 64.880
-2.846 -27.078 64.880
-0.950 -27.211 64.880
0.950 -27.211 64.880
2.846 -27.078 64.880
4.728 -26.814 64.880
6.587 -26.419 64.880
8.414 -25.895 64.880
10.200 -25.245 64.880
11.936 -24.472 64.880
13.614 -23.580 64.880
15.225 -22.573 64.880
16.763 -21.456 64.880
18.219 -20.234 64.880
19.586 -18.914 64.880
20.857 -17.502 64.880
22.028 -16.004 64.880
23.090 -14.428 64.880
24.040 -12.783 64.880
24.874 -11.074 64.880
25.585 -9.312 64.880
26.173 -7.505 64.880
26.633 -5.661 64.880
26.963 -3.789 64.880
27.161 -1.899 64.880
26.484 0.000 60.140
26.420 1.847 60.140
26.227 3.686 60.140
25.906 5.506 60.140
25.458 7.300 60.140
24.887 9.058 60.140
24.195 10.772 60.140
23.384 12.434 60.140
22.460 14.035 60.140
21.426 15.567 60.140
20.288 17.024 60.140
19.051 18.398 60.140
17.722 19.682 60.140
16.305 20.870 60.140
14.810 21.957 60.140
13.242 22.936 60.140
11.610 23.804 60.140
9.921 24.556 60.140
8.184 25.188 60.140
6.407 25.698 60.140
4.599 26.082 60.140
2.768 26.339 60.140
0.924 26.468 60.140
-0.924 26.468 60.140
-2.768 26.339 60.140
-4.599 26.082 60.140
-6.407 25.698 60.140
-8.184 25.188 60.140
-9.921 24.556 60.140
-11.610 23.804 60.140
-13.242 22.936 60.140
-14.810 21.957 60.140
-16.305 20.870 60.140
-17.722 19.682 60.140
-19.051 18.398 60.140
-20.288 17.024 60.140
-21.426 15.567 60.140
-22.460 14.035 60.140
-23.384 12.434 60.140
-24.195 10.772 60.140
-24.887 9.058 60.140
-25.458 7.300 60.140
-25.906 5.506 60.140
-26.227 3.686 60.140
-26.420 1.847 60.140
-26.484 -0.000 60.140
-26.420 -1.847 60.140
-26.227 -3.686 60.140
-25.906 -5.506 60.140
-25.458 -7.300 60.140
-24.887 -9.058 60.140
-24.195 -10.772 60.140
-23.384 -12.434 60.140
-22.460 -14.035 60.140
-21.426 -15.567 60.140
-20.288 -17.024 60.140
-19.051 -18.398 60.140
-17.722 -19.682 60.140
-16.305 -20.870 60.140
-14.810 -21.957 60.140
-13.242 -22.936 60.140
-11.610 -23.804 60.140
-9.921 -24.556 60.140
-8.184 -25.188 60.140
-6.407 -25.698 60.140
-4.599 -26.082 60.140
-2.768 -26.339 60.140
-0.924 -26.468 60.140
0.924 -26.468 60.140
2.768 -26.339 60.140
4.599 -26.082 60.140
6.407 -25.698 60.140
8.184 -25.188 60.140
9.921 -24.556 60.140
11.610 -23.804 60.140
13.242 -22.936 60.140
14.810 -21.957 60.140
16.305 -20.870 60.140
17.722 -19.682 60.140
19.051 -18.398 60.140
20.288 -17.024 60.140
21.426 -15.567 60.140
22.460 -14.035 60.140
23.384 -12.434 60.140
24.195 -10.772 60.140
24.887 -9.058 60.140
25.458 -7.300 60.140
25.906 -5.506 60.140
26.227 -3.686 60.140
26.420 -1.847 60.140
25.681 0.000 55.509
25.619 1.791 55.509
25.431 3.574 55.509
25.120 5.339 55.509
24.686 7.079 55.509
24.132 8.784 55.509
23.461 10.446 55.509
22.675 12.057 55.509
21.779 13.609 55.509
20.777 15.095 55.509
19.673 16.508 55.509
18.474 17.840 55.509
17.184 19.085 55.509
15.811 20.237 55.509
14.361 21.291 55.509
12.841 22.241 55.509
11.258 23.082 55.509
9.620 23.811 55.509
7.936 24.424 55.509
6.213 24.918 55.509
4.460 25.291 55.509
2.684 25.541 55.509
0.896 25.666 55.509
-0.896 25.666 55.509
-2.684 25.541 55.509
-4.460 25.291 55.509
-6.213 24.918 55.509
-7.936 24.424 55.509
-9.620 23.811 55.509
-11.258 23.082 55.509
-12.841 22.241 55.509
-14.361 21.291 55.509
-15.811 20.237 55.509
-17.184 19.085 55.509
-18.474 17.840 55.509
-19.673 16.508 55.509
-20.777 15.095 55.509
-21.779 13.609 55.509
-22.675 12.057 55.509
-23.461 10.446 55.509
-24.132 8.784 55.509
-24.686 7.079 55.509
-25.120 5.339 55.509
-25.431 3.574 55.509
-25.619 1.791 55.509
-25.681 -0.000 55.509
-25.619 -1.791 55.509
-25.431 -3.574 55.509
-25.120 -5.339 55.509
-24.686 -7.079 55.509
-24.132 -8.784 55.509
-23.461 -10.446 55.509
-22.675 -12.057 55.509
-21.779 -13.609 55.509
-20.777 -15.095 55.509
-19.673 -16.508 55.509
-18.474 -17.840 55.509
-17.184 -19.085 55.509
-15.811 -20.237 55.509
-14.361 -21.291 55.509
-12.841 -22.241 55.509
-11.258 -23.082 55.509
-9.620 -23.811 55.509
-7.936 -24.424 55.509
-6.213 -24.918 55.509
-4.460 -25.291 55.509
-2.684 -25.541 55.509
-0.896 -25.666 55.509
0.896 -25.666 55.509
2.684 -25.541 55.509
4.460 -25.291 55.509
6.213 -24.918 55.509
7.936 -24.424 55.509
9.620 -23.811 55.509
11.258 -23.082 55.509
12.841 -22.241 55.509
14.361 -21.291 55.509
15.811 -20.237 55.509
17.184 -19.085 55.509
18.474 -17.840 55.509
19.673 -16.508 55.509
20.777 -15.095 55.509
21.779 -13.609 55.509
22.675 -12.057 55.509
23.461 -10.446 55.509
24.132 -8.784 55.509
24.686 -7.079 55.509
25.120 -5.339 55.509
25.431 -3.574 55.509
25.619 -1.791 55.509
24.820 0.000 51.000
24.760 1.731 51.000
24.579 3.454 51.000
24.278 5.160 51.000
23.859 6.841 51.000
23.323 8.489 51.000
22.674 10.095 51.000
21.915 11.652 51.000
21.049 13.153 51.000
20.080 14.589 51.000
19.013 15.954 51.000
17.854 17.242 51.000
16.608 18.445 51.000
15.281 19.559 51.000
13.879 20.577 51.000
12.410 21.495 51.000
10.881 22.308 51.000
9.298 23.013 51.000
7.670 23.606 51.000
6.005 24.083 51.000
4.310 24.443 51.000
2.594 24.684 51.000
0.866 24.805 51.000
-0.866 24.805 51.000
-2.594 24.684 51.000
-4.310 24.443 51.000
-6.005 24.083 51.000
-7.670 23.606 51.000
-9.298 23.013 51.000
-10.881 22.308 51.000
-12.410 21.495 51.000
-13.879 20.577 51.000
-15.281 19.559 51.000
-16.608 18.445 51.000
-17.854 17.242 51.000
-19.013 15.954 51.000
-20.080 14.589 51.000
-21.049 13.153 51.000
-21.915 11.652 51.000
-22.674 10.095 51.000
-23.323 8.489 51.000
-23.859 6.841 51.000
-24.278 5.160 51.000
-24.579 3.454 51.000
-24.760 1.731 51.000
-24.820 -0.000 51.000
-24.760 -1.731 51.000
-24.579 -3.454 51.000
-24.278 -5.160 51.000
-23.859 -6.841 51.000
-23.323 -8.489 51.000
-22.674 -10.095 51.000
-21.915 -11.652 51.000
-21.049 -13.153 51.000
-20.080 -14.589 51.000
-19.013 -15.954 51.000
-17.854 -17.242 51.000
-16.608 -18.445 51.000
-15.281 -19.559 51.000
-13.879 -20.577 51.000
-12.410 -21.495 51.000
-10.881 -22.308 51.000
-9.298 -23.013 51.000
-7.670 -23.606 51.000
-6.005 -24.083 51.000
-4.310 -24.443 51.000
-2.594 -24.684 51.000
-0.866 -24.805 51.000
0.866 -24.805 51.000
2.594 -24.684 51.000
4.310 -24.443 51.000
6.005 -24.083 51.000
7.670 -23.606 51.000
9.298 -23.013 51.000
10.881 -22.308 51.000
12.410 -21.495 51.000
13.879 -20.577 51.000
15.281 -19.559 51.000
16.608 -18.445 51.000
17.854 -17.242 51.000
19.013 -15.954 51.000
20.080 -14.589 51.000
21.049 -13.153 51.000
21.915 -11.652 51.000
22.674 -10.095 51.000
23.323 -8.489 51.000
23.859 -6.841 51.000
24.278 -5.160 51.000
24.579 -3.454 51.000
24.760 -1.731 51.000
23.904 0.000 46.625
23.846 1.667 46.625
23.671 3.327 46.625
23.382 4.970 46.625
22.978 6.589 46.625
22.462 8.176 46.625
21.837 9.723 46.625
21.106 11.222 46.625
20.272 12.667 46.625
19.339 14.050 46.625
18.311 15.365 46.625
17.195 16.605 46.625
15.995 17.764 46.625
14.717 18.837 46.625
13.367 19.817 46.625
11.952 20.701 46.625
10.479 21.485 46.625
8.955 22.163 46.625
7.387 22.734 46.625
5.783 23.194 46.625
4.151 23.541 46.625
2.499 23.773 46.625
0.834 23.889 46.625
-0.834 23.889 46.625
-2.499 23.773 46.625
-4.151 23.541 46.625
-5.783 23.194 46.625
-7.387 22.734 46.625
-8.955 22.163 46.625
-10.479 21.485 46.625
-11.952 20.701 46.625
-13.367 19.817 46.625
-14.717 18.837 46.625
-15.995 17.764 46.625
-17.195 16.605 46.625
-18.311 15.365 46.625
-19.339 14.050 46.625
-20.272 12.667 46.625
-21.106 11.222 46.625
-21.837 9.723 46.625
-22.462 8.176 46.625
-22.978 6.589 46.625
-23.382 4.970 46.625
-23.671 3.327 46.625
-23.846 1.667 46.625
-23.904 -0.000 46.625
-23.846 -1.667 46.625
-23.671 -3.327 46.625
-23.382 -4.970 46.625
-22.978 -6.589 46.625
-22.462 -8.176 46.625
-21.837 -9.723 46.625
-21.106 -11.222 46.625
-20.272 -12.667 46.625
-19.339 -14.050 46.625
-18.311 -15.365 46.625
-17.195 -16.605 46.625
-15.995 -17.764 46.625
-14.717 -18.837 46.625
-13.367 -19.817 46.625
-11.952 -20.701 46.625
-10.479 -21.485 46.625
-8.955 -22.163 46.625
-7.387 -22.734 46.625
-5.783 -23.194 46.625
-4.151 -23.541 46.625
-2.499 -23.773 46.625
-0.834 -23.889 46.625
0.834 -23.889 46.625
2.499 -23.773 46.625
4.151 -23.541 46.625
5.783 -23.194 46.625
7.387 -22.734 46.625
8.955 -22.163 46.625
10.479 -21.485 46.625
11.952 -20.701 46.625
13.367 -19.817 46.625
14.717 -18.837 46.625
15.995 -17.764 46.625
17.195 -16.605 46.625
18.311 -15.365 46.625
19.339 -14.050 46.625
20.272 -12.667 46.625
21.106 -11.222 46.625
21.837 -9.723 46.625
22.462 -8.176 46.625
22.978 -6.589 46.625
23.382 -4.970 46.625
23.671 -3.327 46.625
23.846 -1.667 46.625
22.935 0.000 42.397
22.879 1.600 42.397
22.711 3.192 42.397
22.433 4.768 42.397
22.046 6.322 42.397
21.551 7.844 42.397
20.952 9.328 42.397
20.250 10.767 42.397
19.450 12.153 42.397
18.554 13.481 42.397
17.569 14.742 42.397
16.498 15.932 42.397
15.346 17.044 42.397
14.120 18.073 42.397
12.825 19.014 42.397
11.467 19.862 42.397
10.054 20.613 42.397
8.591 21.265 42.397
7.087 21.812 42.397
5.548 22.253 42.397
3.983 22.586 42.397
2.397 22.809 42.397
0.800 22.921 42.397
-0.800 22.921 42.397
-2.397 22.809 42.397
-3.983 22.586 42.397
-5.548 22.253 42.397
-7.087 21.812 42.397
-8.591 21.265 42.397
-10.054 20.613 42.397
-11.467 19.862 42.397
-12.825 19.014 42.397
-14.120 18.073 42.397
-15.346 17.044 42.397
-16.498 15.932 42.397
-17.569 14.742 42.397
-18.554 13.481 42.397
-19.450 12.153 42.397
-20.250 10.767 42.397
-20.952 9.328 42.397
-21.551 7.844 42.397
-22.046 6.322 42.397
-22.433 4.768 42.397
-22.711 3.192 42.397
-22.879 1.600 42.397
-22.935 -0.000 42.397
-22.879 -1.600 42.397
-22.711 -3.192 42.397
-22.433 -4.768 42.397
-22.046 -6.322 42.397
-21.551 -7.844 42.397
-20.952 -9.328 42.397
-20.250 -10.767 42.397
-19.450 -12.153 42.397
-18.554 -13.481 42.397
-17.569 -14.742 42.397
-16.498 -15.932 42.397
-15.346 -17.044 42.397
-14.120 -18.073 42.397
-12.825 -19.014 42.397
-11.467 -19.862 42.397
-10.054 -20.613 42.397
-8.591 -21.265 42.397
-7.087 -21.812 42.397
-5.548 -22.253 42.397
-3.983 -22.586 42.397
-2.397 -22.809 42.397
-0.800 -22.921 42.397
0.800 -22.921 42.397
2.397 -22.809 42.397
3.983 -22.586 42.397
5.548 -22.253 42.397
7.087 -21.812 42.397
8.591 -21.265 42.397
10.054 -20.613 42.397
11.467 -19.862 42.397
12.825 -19.014 42.397
14.120 -18.073 42.397
15.346 -17.044 42.397
16.498 -15.932 42.397
17.569 -14.742 42.397
18.554 -13.481 42.397
19.450 -12.153 42.397
20.250 -10.767 42.397
20.952 -9.328 42.397
21.551 -7.844 42.397
22.046 -6.322 42.397
22.433 -4.768 42.397
22.711 -3.192 42.397
22.879 -1.600 42.397
21.915 0.000 38.327
21.862 1.529 38.327
21.702 3.050 38.327
21.436 4.556 38.327
21.066 6.041 38.327
20.593 7.495 38.327
20.020 8.914 38.327
19.350 10.288 38.327
18.585 11.613 38.327
17.730 12.881 38.327
16.788 14.087 38.327
15.764 15.223 38.327
14.664 16.286 38.327
13.492 17.269 38.327
12.255 18.168 38.327
10.957 18.979 38.327
9.607 19.697 38.327
8.209 20.319 38.327
6.772 20.842 38.327
5.302 21.264 38.327
3.805 21.582 38.327
2.291 21.795 38.327
0.765 21.902 38.327
-0.765 21.902 38.327
-2.291 21.795 38.327
-3.805 21.582 38.327
-5.302 21.264 38.327
-6.772 20.842 38.327
-8.209 20.319 38.327
-9.607 19.697 38.327
-10.957 18.979 38.327
-12.255 18.168 38.327
-13.492 17.269 38.327
-14.664 16.286 38.327
-15.764 15.223 38.327
-16.788 14.087 38.327
-17.730 12.881 38.327
-18.585 11.613 38.327
-19.350 10.288 38.327
-20.020 8.914 38.327
-20.593 7.495 38.327
-21.066 6.041 38.327
-21.436 4.556 38.327
-21.702 3.050 38.327
-21.862 1.529 38.327
-21.915 -0.000 38.327
-21.862 -1.529 38.327
-21.702 -3.050 38.327
-21.436 -4.556 38.327
-21.066 -6.041 38.327
-20.593 -7.495 38.327
-20.020 -8.914 38.327
-19.350 -10.288 38.327
-18.585 -11.613 38.327
-17.730 -12.881 38.327
-16.788 -14.087 38.327
-15.764 -15.223 38.327
-14.664 -16.286 38.327
-13.492 -17.269 38.327
-12.255 -18.168 38.327
-10.957 -18.979 38.327
-9.607 -19.697 38.327
-8.209 -20.319 38.327
-6.772 -20.842 38.327
-5.302 -21.264 38.327
-3.805 -21.582 38.327
-2.291 -21.795 38.327
-0.765 -21.902 38.327
0.765 -21.902 38.327
2.291 -21.795 38.327
3.805 -21.582 38.327
5.302 -21.264 38.327
6.772 -20.842 38.327
8.209 -20.319 38.327
9.607 -19.697 38.327
10.957 -18.979 38.327
12.255 -18.168 38.327
13.492 -17.269 38.327
14.664 -16.286 38.327
15.764 -15.223 38.327
16.788 -14.087 38.327
17.730 -12.881 38.327
18.585 -11.613 38.327
19.350 -10.288 38.327
20.020 -8.914 38.327
20.593 -7.495 38.327
21.066 -6.041 38.327
21.436 -4.556 38.327
21.702 -3.050 38.327
21.862 -1.529 38.327
20.848 0.000 34.425
20.797 1.454 34.425
20.645 2.901 34.425
20.392 4.335 34.425
20.040 5.746 34.425
19.591 7.130 34.425
19.045 8.480 34.425
18.408 9.787 34.425
17.680 11.048 34.425
16.866 12.254 34.425
15.970 13.401 34.425
14.997 14.482 34.425
13.950 15.493 34.425
12.835 16.428 34.425
11.658 17.284 34.425
10.424 18.055 34.425
9.139 18.738 34.425
7.810 19.330 34.425
6.442 19.828 34.425
5.044 20.229 34.425
3.620 20.531 34.425
2.179 20.734 34.425
0.728 20.835 34.425
-0.728 20.835 34.425
-2.179 20.734 34.425
-3.620 20.531 34.425
-5.044 20.229 34.425
-6.442 19.828 34.425
-7.810 19.330 34.425
-9.139 18.738 34.425
-10.424 18.055 34.425
-11.658 17.284 34.425
-12.835 16.428 34.425
-13.950 15.493 34.425
-14.997 14.482 34.425
-15.970 13.401 34.425
-16.866 12.254 34.425
-17.680 11.048 34.425
-18.408 9.787 34.425
-19.045 8.480 34.425
-19.591 7.130 34.425
-20.040 5.746 34.425
-20.392 4.335 34.425
-20.645 2.901 34.425
-20.797 1.454 34.425
-20.848 -0.000 34.425
-20.797 -1.454 34.425
-20.645 -2.901 34.425
-20.392 -4.335 34.425
-20.040 -5.746 34.425
-19.591 -7.130 34.425
-19.045 -8.480 34.425
-18.408 -9.787 34.425
-17.680 -11.048 34.425
-16.866 -12.254 34.425
-15.970 -13.401 34.425
-14.997 -14.482 34.425
-13.950 -15.493 34.425
-12.835 -16.428 34.425
-11.658 -17.284 34.425
-10.424 -18.055 34.425
-9.139 -18.738 34.425
-7.810 -19.330 34.425
-6.442 -19.828 34.425
-5.044 -20.229 34.425
-3.620 -20.531 34.425
-2.179 -20.734 34.425
-0.728 -20.835 34.425
0.728 -20.835 34.425
2.179 -20.734 34.425
3.620 -20.531 34.425
5.044 -20.229 34.425
6.442 -19.828 34.425
7.810 -19.330 34.425
9.139 -18.738 34.425
10.424 -18.055 34.425
11.658 -17.284 34.425
12.835 -16.428 34.425
13.950 -15.493 34.425
14.997 -14.482 34.425
15.970 -13.401 34.425
16.866 -12.254 34.425
17.680 -11.048 34.425
18.408 -9.787 34.425
19.045 -8.480 34.425
19.591 -7.130 34.425
20.040 -5.746 34.425
20.392 -4.335 34.425
20.645 -2.901 34.425
20.797 -1.454 34.425
19.736 0.000 30.704
19.688 1.377 30.704
19.544 2.747 30.704
19.305 4.103 30.704
18.972 5.440 30.704
18.546 6.750 30.704
18.030 8.027 30.704
17.426 9.266 30.704
16.737 10.459 30.704
15.967 11.601 30.704
15.119 12.686 30.704
14.197 13.710 30.704
13.206 14.667 30.704
12.151 15.552 30.704
11.036 16.362 30.704
9.868 17.092 30.704
8.652 17.739 30.704
7.393 18.299 30.704
6.099 18.770 30.704
4.775 19.150 30.704
3.427 19.436 30.704
2.063 19.628 30.704
0.689 19.724 30.704
-0.689 19.724 30.704
-2.063 19.628 30.704
-3.427 19.436 30.704
-4.775 19.150 30.704
-6.099 18.770 30.704
-7.393 18.299 30.704
-8.652 17.739 30.704
-9.868 17.092 30.704
-11.036 16.362 30.704
-12.151 15.552 30.704
-13.206 14.667 30.704
-14.197 13.710 30.704
-15.119 12.686 30.704
-15.967 11.601 30.704
-16.737 10.459 30.704
-17.426 9.266 30.704
-18.030 8.027 30.704
-18.546 6.750 30.704
-18.972 5.440 30.704
-19.305 4.103 30.704
-19.544 2.747 30.704
-19.688 1.377 30.704
-19.736 -0.000 30.704
-19.688 -1.377 30.704
-19.544 -2.747 30.704
-19.305 -4.103 30.704
-18.972 -5.440 30.704
-18.546 -6.750 30.704
-18.030 -8.027 30.704
-17.426 -9.266 30.704
-16.737 -10.459 30.704
-15.967 -11.601 30.704
-15.119 -12.686 30.704
-14.197 -13.710 30.704
-13.206 -14.667 30.704
-12.151 -15.552 30.704
-11.036 -16.362 30.704
-9.868 -17.092 30.704
-8.652 -17.739 30.704
-7.393 -18.299 30.704
-6.099 -18.770 30.704
-4.775 -19.150 30.704
-3.427 -19.436 30.704
-2.063 -19.628 30.704
-0.689 -19.724 30.704
0.689 -19.724 30.704
2.063 -19.628 30.704
3.427 -19.436 30.704
4.775 -19.150 30.704
6.099 -18.770 30.704
7.393 -18.299 30.704
8.652 -17.739 30.704
9.868 -17.092 30.704
11.036 -16.362 30.704
12.151 -15.552 30.704
13.206 -14.667 30.704
14.197 -13.710 30.704
15.119 -12.686 30.704
15.967 -11.601 30.704
16.737 -10.459 30.704
17.426 -9.266 30.704
18.030 -8.027 30.704
18.546 -6.750 30.704
18.972 -5.440 30.704
19.305 -4.103 30.704
19.544 -2.747 30.704
19.688 -1.377 30.704
18.583 0.000 27.172
18.538 1.296 27.172
18.402 2.586 27.172
18.177 3.864 27.172
17.863 5.122 27.172
17.462 6.356 27.172
16.976 7.558 27.172
16.408 8.724 27.172
15.759 9.848 27.172
15.034 10.923 27.172
14.235 11.945 27.172
13.368 12.909 27.172
12.434 13.810 27.172
11.441 14.644 27.172
10.392 15.406 27.172
9.292 16.093 27.172
8.146 16.702 27.172
6.961 17.230 27.172
5.742 17.674 27.172
4.496 18.031 27.172
3.227 18.301 27.172
1.942 18.481 27.172
0.649 18.572 27.172
-0.649 18.572 27.172
-1.942 18.481 27.172
-3.227 18.301 27.172
-4.496 18.031 27.172
-5.742 17.674 27.172
-6.961 17.230 27.172
-8.146 16.702 27.172
-9.292 16.093 27.172
-10.392 15.406 27.172
-11.441 14.644 27.172
-12.434 13.810 27.172
-13.368 12.909 27.172
-14.235 11.945 27.172
-15.034 10.923 27.172
-15.759 9.848 27.172
-16.408 8.724 27.172
-16.976 7.558 27.172
-17.462 6.356 27.172
-17.863 5.122 27.172
-18.177 3.864 27.172
-18.402 2.586 27.172
-18.538 1.296 27.172
-18.583 -0.000 27.172
-18.538 -1.296 27.172
-18.402 -2.586 27.172
-18.177 -3.864 27.172
-17.863 -5.122 27.172
-17.462 -6.356 27.172
-16.976 -7.558 27.172
-16.408 -8.724 27.172
-15.759 -9.848 27.172
-15.034 -10.923 27.172
-14.235 -11.945 27.172
-13.368 -12.909 27.172
-12.434 -13.810 27.172
-11.441 -14.644 27.172
-10.392 -15.406 27.172
-9.292 -16.093 27.172
-8.146 -16.702 27.172
-6.961 -17.230 27.172
-5.742 -17.674 27.172
-4.496 -18.031 27.172
-3.227 -18.301 27.172
-1.942 -18.481 27.172
-0.649 -18.572 27.172
0.649 -18.572 27.172
1.942 -18.481 27.172
3.227 -18.301 27.172
4.496 -18.031 27.172
5.742 -17.674 27.172
6.961 -17.230 27.172
8.146 -16.702 27.172
9.292 -16.093 27.172
10.392 -15.406 27.172
11.441 -14.644 27.172
12.434 -13.810 27.172
13.368 -12.909 27.172
14.235 -11.945 27.172
15.034 -10.923 27.172
15.759 -9.848 27.172
16.408 -8.724 27.172
16.976 -7.558 27.172
17.462 -6.356 27.172
17.863 -5.122 27.172
18.177 -3.864 27.172
18.402 -2.586 27.172
18.538 -1.296 27.172
17.392 0.000 23.840
17.222 2.420 23.840
16.718 4.794 23.840
15.888 7.074 23.840
14.749 9.216 23.840
13.323 11.179 23.840
11.637 12.924 23.840
9.725 14.418 23.840
7.624 15.631 23.840
5.374 16.540 23.840
3.020 17.127 23.840
0.607 17.381 23.840
-1.818 17.296 23.840
-4.207 16.875 23.840
-6.515 16.125 23.840
-8.696 15.062 23.840
-10.707 13.705 23.840
-12.510 12.081 23.840
-14.070 10.222 23.840
-15.356 8.165 23.840
-16.343 5.948 23.840
-17.011 3.616 23.840
-17.349 1.213 23.840
-17.349 -1.213 23.840
-17.011 -3.616 23.840
-16.343 -5.948 23.840
-15.356 -8.165 23.840
-14.070 -10.222 23.840
-12.510 -12.081 23.840
-10.707 -13.705 23.840
-8.696 -15.062 23.840
-6.515 -16.125 23.840
-4.207 -16.875 23.840
-1.818 -17.296 23.840
0.607 -17.381 23.840
3.020 -17.127 23.840
5.374 -16.540 23.840
7.624 -15.631 23.840
9.725 -14.418 23.840
11.637 -12.924 23.840
13.323 -11.179 23.840
14.749 -9.216 23.840
15.888 -7.074 23.840
16.718 -4.794 23.840
17.222 -2.420 23.840
16.165 0.000 20.716
16.008 2.250 20.716
15.539 4.456 20.716
14.767 6.575 20.716
13.709 8.566 20.716
12.383 10.391 20.716
10.816 12.013 20.716
9.039 13.401 20.716
7.086 14.529 20.716
4.995 15.374 20.716
2.807 15.919 20.716
0.564 16.155 20.716
-1.690 16.076 20.716
-3.911 15.685 20.716
-6.055 14.988 20.716
-8.082 13.999 20.716
-9.952 12.738 20.716
-11.628 11.229 20.716
-13.078 9.501 20.716
-14.273 7.589 20.716
-15.190 5.529 20.716
-15.812 3.361 20.716
-16.126 1.128 20.716
-16.126 -1.128 20.716
-15.812 -3.361 20.716
-15.190 -5.529 20.716
-14.273 -7.589 20.716
-13.078 -9.501 20.716
-11.628 -11.229 20.716
-9.952 -12.738 20.716
-8.082 -13.999 20.716
-6.055 -14.988 20.716
-3.911 -15.685 20.716
-1.690 -16.076 20.716
0.564 -16.155 20.716
2.807 -15.919 20.716
4.995 -15.374 20.716
7.086 -14.529 20.716
9.039 -13.401 20.716
10.816 -12.013 20.716
12.383 -10.391 20.716
13.709 -8.566 20.716
14.767 -6.575 20.716
15.539 -4.456 20.716
16.008 -2.250 20.716
14.870 1.040 17.810
14.581 3.099 17.810
14.008 5.098 17.810
13.162 6.998 17.810
12.060 8.762 17.810
10.723 10.355 17.810
9.177 11.747 17.810
7.453 12.909 17.810
5.584 13.821 17.810
3.606 14.464 17.810
1.558 14.825 17.810
-0.520 14.897 17.810
-2.588 14.680 17.810
-4.606 14.177 17.810
-6.535 13.398 17.810
-8.336 12.358 17.810
-9.974 11.078 17.810
-11.419 9.582 17.810
-12.641 7.899 17.810
-13.618 6.063 17.810
-14.329 4.109 17.810
-14.761 2.075 17.810
-14.907 -0.000 17.810
-14.761 -2.075 17.810
-14.329 -4.109 17.810
-13.618 -6.063 17.810
-12.641 -7.899 17.810
-11.419 -9.582 17.810
-9.974 -11.078 17.810
-8.336 -12.358 17.810
-6.535 -13.398 17.810
-4.606 -14.177 17.810
-2.588 -14.680 17.810
-0.520 -14.897 17.810
1.558 -14.825 17.810
3.606 -14.464 17.810
5.584 -13.821 17.810
7.453 -12.909 17.810
9.177 -11.747 17.810
10.723 -10.355 17.810
12.060 -8.762 17.810
13.162 -6.998 17.810
14.008 -5.098 17.810
14.581 -3.099 17.810
14.870 -1.040 17.810
13.620 0.000 15.130
13.487 1.896 15.130
13.092 3.754 15.130
12.442 5.540 15.130
11.550 7.217 15.130
10.433 8.755 15.130
9.114 10.122 15.130
7.616 11.291 15.130
5.971 12.242 15.130
4.209 12.953 15.130
2.365 13.413 15.130
0.475 13.612 15.130
-1.424 13.545 15.130
-3.295 13.215 15.130
-5.102 12.628 15.130
-6.810 11.795 15.130
-8.385 10.733 15.130
-9.797 9.461 15.130
-11.019 8.006 15.130
-12.026 6.394 15.130
-12.799 4.658 15.130
-13.322 2.832 15.130
-13.587 0.950 15.130
-13.587 -0.950 15.130
-13.322 -2.832 15.130
-12.799 -4.658 15.130
-12.026 -6.394 15.130
-11.019 -8.006 15.130
-9.797 -9.461 15.130
-8.385 -10.733 15.130
-6.810 -11.795 15.130
-5.102 -12.628 15.130
-3.295 -13.215 15.130
-1.424 -13.545 15.130
0.475 -13.612 15.130
2.365 -13.413 15.130
4.209 -12.953 15.130
5.971 -12.242 15.130
7.616 -11.291 15.130
9.114 -10.122 15.130
10.433 -8.755 15.130
11.550 -7.217 15.130
12.442 -5.540 15.130
13.092 -3.754 15.130
13.487 -1.896 15.130
12.309 0.000 12.681
12.189 1.713 12.681
11.832 3.393 12.681
11.244 5.006 12.681
10.438 6.523 12.681
9.429 7.912 12.681
8.236 9.147 12.681
6.883 10.204 12.681
5.396 11.063 12.681
3.804 11.706 12.681
2.137 12.122 12.681
0.430 12.301 12.681
-1.287 12.241 12.681
-2.978 11.943 12.681
-4.611 11.412 12.681
-6.154 10.660 12.681
-7.578 9.699 12.681
-8.854 8.550 12.681
-9.958 7.235 12.681
-10.868 5.779 12.681
-11.566 4.210 12.681
-12.040 2.559 12.681
-12.279 0.859 12.681
-12.279 -0.859 12.681
-12.040 -2.559 12.681
-11.566 -4.210 12.681
-10.868 -5.779 12.681
-9.958 -7.235 12.681
-8.854 -8.550 12.681
-7.578 -9.699 12.681
-6.154 -10.660 12.681
-4.611 -11.412 12.681
-2.978 -11.943 12.681
-1.287 -12.241 12.681
0.430 -12.301 12.681
2.137 -12.122 12.681
3.804 -11.706 12.681
5.396 -11.063 12.681
6.883 -10.204 12.681
8.236 -9.147 12.681
9.429 -7.912 12.681
10.438 -6.523 12.681
11.244 -5.006 12.681
11.832 -3.393 12.681
12.189 -1.713 12.681
10.949 0.766 10.473
10.736 2.282 10.473
10.314 3.754 10.473
9.691 5.153 10.473
8.880 6.452 10.473
7.896 7.625 10.473
6.758 8.649 10.473
5.488 9.506 10.473
4.112 10.177 10.473
2.655 10.650 10.473
1.147 10.916 10.473
-0.383 10.969 10.473
-1.906 10.809 10.473
-3.392 10.439 10.473
-4.812 9.865 10.473
-6.138 9.100 10.473
-7.344 8.157 10.473
-8.408 7.055 10.473
-9.308 5.816 10.473
-10.027 4.464 10.473
-10.551 3.025 10.473
-10.869 1.528 10.473
-10.976 -0.000 10.473
-10.869 -1.528 10.473
-10.551 -3.025 10.473
-10.027 -4.464 10.473
-9.308 -5.816 10.473
-8.408 -7.055 10.473
-7.344 -8.157 10.473
-6.138 -9.100 10.473
-4.812 -9.865 10.473
-3.392 -10.439 10.473
-1.906 -10.809 10.473
-0.383 -10.969 10.473
1.147 -10.916 10.473
2.655 -10.650 10.473
4.112 -10.177 10.473
5.488 -9.506 10.473
6.758 -8.649 10.473
7.896 -7.625 10.473
8.880 -6.452 10.473
9.691 -5.153 10.473
10.314 -3.754 10.473
10.736 -2.282 10.473
10.949 -0.766 10.473
9.603 0.671 8.509
9.253 2.653 8.509
8.499 4.519 8.509
7.374 6.187 8.509
5.926 7.585 8.509
4.220 8.652 8.509
2.329 9.340 8.509
0.336 9.620 8.509
-1.672 9.480 8.509
-3.606 8.925 8.509
-5.383 7.980 8.509
-6.924 6.687 8.509
-8.163 5.101 8.509
-9.045 3.292 8.509
-9.532 1.340 8.509
-9.603 -0.671 8.509
-9.253 -2.653 8.509
-8.499 -4.519 8.509
-7.374 -6.187 8.509
-5.926 -7.585 8.509
-4.220 -8.652 8.509
-2.329 -9.340 8.509
-0.336 -9.620 8.509
1.672 -9.480 8.509
3.606 -8.925 8.509
5.383 -7.980 8.509
6.924 -6.687 8.509
8.163 -5.101 8.509
9.045 -3.292 8.509
9.532 -1.340 8.509
8.262 0.000 6.796
8.082 1.718 6.796
7.548 3.361 6.796
6.684 4.856 6.796
5.528 6.140 6.796
4.131 7.155 6.796
2.553 7.858 6.796
0.864 8.217 6.796
-0.864 8.217 6.796
-2.553 7.858 6.796
-4.131 7.155 6.796
-5.528 6.140 6.796
-6.684 4.856 6.796
-7.548 3.361 6.796
-8.082 1.718 6.796
-8.262 -0.000 6.796
-8.082 -1.718 6.796
-7.548 -3.361 6.796
-6.684 -4.856 6.796
-5.528 -6.140 6.796
-4.131 -7.155 6.796
-2.553 -7.858 6.796
-0.864 -8.217 6.796
0.864 -8.217 6.796
2.553 -7.858 6.796
4.131 -7.155 6.796
5.528 -6.140 6.796
6.684 -4.856 6.796
7.548 -3.361 6.796
8.082 -1.718 6.796
6.821 0.959 5.339
6.473 2.356 5.339
5.842 3.650 5.339
4.955 4.785 5.339
3.852 5.711 5.339
2.580 6.387 5.339
1.196 6.784 5.339
-0.240 6.884 5.339
-1.666 6.684 5.339
-3.020 6.191 5.339
-4.241 5.428 5.339
-5.277 4.428 5.339
-6.082 3.234 5.339
-6.621 1.899 5.339
-6.872 0.481 5.339
-6.821 -0.959 5.339
-6.473 -2.356 5.339
-5.842 -3.650 5.339
-4.955 -4.785 5.339
-3.852 -5.711 5.339
-2.580 -6.387 5.339
-1.196 -6.784 5.339
0.240 -6.884 5.339
1.666 -6.684 5.339
3.020 -6.191 5.339
4.241 -5.428 5.339
5.277 -4.428 5.339
6.082 -3.234 5.339
6.621 -1.899 5.339
6.872 -0.481 5.339
5.388 1.145 4.142
4.671 2.919 4.142
3.391 4.340 4.142
1.702 5.239 4.142
-0.192 5.505 4.142
-2.063 5.107 4.142
-3.686 4.093 4.142
-4.863 2.586 4.142
-5.454 0.767 4.142
-5.388 -1.145 4.142
-4.671 -2.919 4.142
-3.391 -4.340 4.142
-1.702 -5.239 4.142
0.192 -5.505 4.142
2.063 -5.107 4.142
3.686 -4.093 4.142
4.863 -2.586 4.142
5.454 -0.767 4.142
4.125 0.000 3.207
3.769 1.678 3.207
2.760 3.066 3.207
1.275 3.923 3.207
-0.431 4.103 3.207
-2.063 3.573 3.207
-3.337 2.425 3.207
-4.035 0.858 3.207
-4.035 -0.858 3.207
-3.337 -2.425 3.207
-2.063 -3.573 3.207
-0.431 -4.103 3.207
1.275 -3.923 3.207
2.760 -3.066 3.207
3.769 -1.678 3.207
2.220 1.613 2.537
0.664 2.662 2.537
-1.203 2.466 2.537
-2.507 1.116 2.537
-2.638 -0.756 2.537
-1.534 -2.275 2.537
0.287 -2.729 2.537
1.974 -1.906 2.537
2.737 -0.191 2.537
0.599 1.229 2.134
-0.984 0.950 2.134
-1.207 -0.642 2.134
0.237 -1.347 2.134
1.354 -0.190 2.134
0.000 0.000 2.000
28.200 0.000 100.000
28.131 1.967 100.000
27.926 3.925 100.000
27.584 5.863 100.000
27.108 7.773 100.000
26.499 9.645 100.000
25.762 11.470 100.000
24.899 13.239 100.000
23.915 14.944 100.000
22.814 16.576 100.000
21.602 18.127 100.000
20.285 19.589 100.000
18.869 20.957 100.000
17.362 22.222 100.000
15.769 23.379 100.000
14.100 24.422 100.000
12.362 25.346 100.000
10.564 26.147 100.000
8.714 26.820 100.000
6.822 27.362 100.000
4.897 27.772 100.000
2.948 28.046 100.000
0.984 28.183 100.000
-0.984 28.183 100.000
-2.948 28.046 100.000
-4.897 27.772 100.000
-6.822 27.362 100.000
-8.714 26.820 100.000
-10.564 26.147 100.000
-12.362 25.346 100.000
-14.100 24.422 100.000
-15.769 23.379 100.000
-17.362 22.222 100.000
-18.869 20.957 100.000
-20.285 19.589 100.000
-21.602 18.127 100.000
-22.814 16.576 100.000
-23.915 14.944 100.000
-24.899 13.239 100.000
-25.762 11.470 100.000
-26.499 9.645 100.000
-27.108 7.773 100.000
-27.584 5.863 100.000
-27.926 3.925 100.000
-28.131 1.967 100.000
-28.200 -0.000 100.000
-28.131 -1.967 100.000
-27.926 -3.925 100.000
-27.584 -5.863 100.000
-27.108 -7.773 100.000
-26.499 -9.645 100.000
-25.762 -11.470 100.000
-24.899 -13.239 100.000
-23.915 -14.944 100.000
-22.814 -16.576 100.000
-21.602 -18.127 100.000
-20.285 -19.589 100.000
-18.869 -20.957 100.000
-17.362 -22.222 100.000
-15.769 -23.379 100.000
-14.100 -24.422 100.000
-12.362 -25.346 100.000
-10.564 -26.147 100.000
-8.714 -26.820 100.000
-6.822 -27.362 100.000
-4.897 -27.772 100.000
-2.948 -28.046 100.000
-0.984 -28.183 100.000
0.984 -28.183 100.000
2.948 -28.046 100.000
4.897 -27.772 100.000
6.822 -27.362 100.000
8.714 -26.820 100.000
10.564 -26.147 100.000
12.362 -25.346 100.000
14.100 -24.422 100.000
15.769 -23.379 100.000
17.362 -22.222 100.000
18.869 -20.957 100.000
20.285 -19.589 100.000
21.602 -18.127 100.000
22.814 -16.576 100.000
23.915 -14.944 100.000
24.899 -13.239 100.000
25.762 -11.470 100.000
26.499 -9.645 100.000
27.108 -7.773 100.000
27.584 -5.863 100.000
27.926 -3.925 100.000
28.131 -1.967 100.000
27.946 0.000 94.976
27.878 1.949 94.976
27.674 3.889 94.976
27.335 5.810 94.976
26.863 7.703 94.976
26.260 9.558 94.976
25.530 11.367 94.976
24.675 13.120 94.976
23.699 14.809 94.976
22.609 16.426 94.976
21.408 17.963 94.976
20.103 19.413 94.976
18.699 20.768 94.976
17.205 22.022 94.976
15.627 23.168 94.976
13.973 24.202 94.976
12.251 25.117 94.976
10.469 25.911 94.976
8.636 26.578 94.976
6.761 27.116 94.976
4.853 27.521 94.976
2.921 27.793 94.976
0.975 27.929 94.976
-0.975 27.929 94.976
-2.921 27.793 94.976
-4.853 27.521 94.976
-6.761 27.116 94.976
-8.636 26.578 94.976
-10.469 25.911 94.976
-12.251 25.117 94.976
-13.973 24.202 94.976
-15.627 23.168 94.976
-17.205 22.022 94.976
-18.699 20.768 94.976
-20.103 19.413 94.976
-21.408 17.963 94.976
-22.609 16.426 94.976
-23.699 14.809 94.976
-24.675 13.120 94.976
-25.530 11.367 94.976
-26.260 9.558 94.976
-26.863 7.703 94.976
-27.335 5.810 94.976
-27.674 3.889 94.976
-27.878 1.949 94.976
-27.946 -0.000 94.976
-27.878 -1.949 94.976
-27.674 -3.889 94.976
-27.335 -5.810 94.976
-26.863 -7.703 94.976
-26.260 -9.558 94.976
-25.530 -11.367 94.976
-24.675 -13.120 94.976
-23.699 -14.809 94.976
-22.609 -16.426 94.976
-21.408 -17.963 94.976
-20.103 -19.413 94.976
-18.699 -20.768 94.976
-17.205 -22.022 94.976
-15.627 -23.168 94.976
-13.973 -24.202 94.976
-12.251 -25.117 94.976
-10.469 -25.911 94.976
-8.636 -26.578 94.976
-6.761 -27.116 94.976
-4.853 -27.521 94.976
-2.921 -27.793 94.976
-0.975 -27.929 94.976
0.975 -27.929 94.976
2.921 -27.793 94.976
4.853 -27.521 94.976
6.761 -27.116 94.976
8.636 -26.578 94.976
10.469 -25.911 94.976
12.251 -25.117 94.976
13.973 -24.202 94.976
15.627 -23.168 94.976
17.205 -22.022 94.976
18.699 -20.768 94.976
20.103 -19.413 94.976
21.408 -17.963 94.976
22.609 -16.426 94.976
23.699 -14.809 94.976
24.675 -13.120 94.976
25.530 -11.367 94.976
26.260 -9.558 94.976
26.863 -7.703 94.976
27.335 -5.810 94.976
27.674 -3.889 94.976
27.878 -1.949 94.976
27.627 0.000 89.965
27.559 1.927 89.965
27.358 3.845 89.965
27.023 5.744 89.965
26.556 7.615 89.965
25.960 9.449 89.965
25.238 11.237 89.965
24.393 12.970 89.965
23.429 14.640 89.965
22.350 16.238 89.965
21.163 17.758 89.965
19.873 19.191 89.965
18.486 20.531 89.965
17.009 21.770 89.965
15.449 22.903 89.965
13.813 23.925 89.965
12.111 24.831 89.965
10.349 25.615 89.965
8.537 26.274 89.965
6.683 26.806 89.965
4.797 27.207 89.965
2.888 27.475 89.965
0.964 27.610 89.965
-0.964 27.610 89.965
-2.888 27.475 89.965
-4.797 27.207 89.965
-6.683 26.806 89.965
-8.537 26.274 89.965
-10.349 25.615 89.965
-12.111 24.831 89.965
-13.813 23.925 89.965
-15.449 22.903 89.965
-17.009 21.770 89.965
-18.486 20.531 89.965
-19.873 19.191 89.965
-21.163 17.758 89.965
-22.350 16.238 89.965
-23.429 14.640 89.965
-24.393 12.970 89.965
-25.238 11.237 89.965
-25.960 9.449 89.965
-26.556 7.615 89.965
-27.023 5.744 89.965
-27.358 3.845 89.965
-27.559 1.927 89.965
-27.627 -0.000 89.965
-27.559 -1.927 89.965
-27.358 -3.845 89.965
-27.023 -5.744 89.965
-26.556 -7.615 89.965
-25.960 -9.449 89.965
-25.238 -11.237 89.965
-24.393 -12.970 89.965
-23.429 -14.640 89.965
-22.350 -16.238 89.965
-21.163 -17.758 89.965
-19.873 -19.191 89.965
-18.486 -20.531 89.965
-17.009 -21.770 89.965
-15.449 -22.903 89.965
-13.813 -23.925 89.965
-12.111 -24.831 89.965
-10.349 -25.615 89.965
-8.537 -26.274 89.965
-6.683 -26.806 89.965
-4.797 -27.207 89.965
-2.888 -27.475 89.965
-0.964 -27.610 89.965
0.964 -27.610 89.965
2.888 -27.475 89.965
4.797 -27.207 89.965
6.683 -26.806 89.965
8.537 -26.274 89.965
10.349 -25.615 89.965
12.111 -24.831 89.965
13.813 -23.925 89.965
15.449 -22.903 89.965
17.009 -21.770 89.965
18.486 -20.531 89.965
19.873 -19.191 89.965
21.163 -17.758 89.965
22.350 -16.238 89.965
23.429 -14.640 89.965
24.393 -12.970 89.965
25.238 -11.237 89.965
25.960 -9.449 89.965
26.556 -7.615 89.965
27.023 -5.744 89.965
27.358 -3.845 89.965
27.559 -1.927 89.965
27.243 0.000 84.982
27.177 1.900 84.982
26.978 3.792 84.982
26.648 5.664 84.982
26.188 7.509 84.982
25.600 9.318 84.982
24.888 11.081 84.982
24.054 12.790 84.982
23.104 14.437 84.982
22.040 16.013 84.982
20.869 17.512 84.982
19.597 18.925 84.982
18.229 20.246 84.982
16.773 21.468 84.982
15.234 22.586 84.982
13.622 23.593 84.982
11.943 24.486 84.982
10.205 25.259 84.982
8.419 25.910 84.982
6.591 26.434 84.982
4.731 26.829 84.982
2.848 27.094 84.982
0.951 27.227 84.982
-0.951 27.227 84.982
-2.848 27.094 84.982
-4.731 26.829 84.982
-6.591 26.434 84.982
-8.419 25.910 84.982
-10.205 25.259 84.982
-11.943 24.486 84.982
-13.622 23.593 84.982
-15.234 22.586 84.982
-16.773 21.468 84.982
-18.229 20.246 84.982
-19.597 18.925 84.982
-20.869 17.512 84.982
-22.040 16.013 84.982
-23.104 14.437 84.982
-24.054 12.790 84.982
-24.888 11.081 84.982
-25.600 9.318 84.982
-26.188 7.509 84.982
-26.648 5.664 84.982
-26.978 3.792 84.982
-27.177 1.900 84.982
-27.243 -0.000 84.982
-27.177 -1.900 84.982
-26.978 -3.792 84.982
-26.648 -5.664 84.982
-26.188 -7.509 84.982
-25.600 -9.318 84.982
-24.888 -11.081 84.982
-24.054 -12.790 84.982
-23.104 -14.437 84.982
-22.040 -16.013 84.982
-20.869 -17.512 84.982
-19.597 -18.925 84.982
-18.229 -20.246 84.982
-16.773 -21.468 84.982
-15.234 -22.586 84.982
-13.622 -23.593 84.982
-11.943 -24.486 84.982
-10.205 -25.259 84.982
-8.419 -25.910 84.982
-6.591 -26.434 84.982
-4.731 -26.829 84.982
-2.848 -27.094 84.982
-0.951 -27.227 84.982
0.951 -27.227 84.982
2.848 -27.094 84.982
4.731 -26.829 84.982
6.591 -26.434 84.982
8.419 -25.910 84.982
10.205 -25.259 84.982
11.943 -24.486 84.982
13.622 -23.593 84.982
15.234 -22.586 84.982
16.773 -21.468 84.982
18.229 -20.246 84.982
19.597 -18.925 84.982
20.869 -17.512 84.982
22.040 -16.013 84.982
23.104 -14.437 84.982
24.054 -12.790 84.982
24.888 -11.081 84.982
25.600 -9.318 84.982
26.188 -7.509 84.982
26.648 -5.664 84.982
26.978 -3.792 84.982
27.177 -1.900 84.982
26.797 0.000 80.040
26.731 1.869 80.040
26.536 3.729 80.040
26.211 5.571 80.040
25.759 7.386 80.040
25.181 9.165 80.040
24.480 10.899 80.040
23.660 12.580 80.040
22.725 14.200 80.040
21.679 15.751 80.040
20.527 17.225 80.040
19.276 18.615 80.040
17.931 19.914 80.040
16.498 21.116 80.040
14.985 22.215 80.040
13.398 23.207 80.040
11.747 24.085 80.040
10.038 24.845 80.040
8.281 25.485 80.040
6.483 26.001 80.040
4.653 26.390 80.040
2.801 26.650 80.040
0.935 26.780 80.040
-0.935 26.780 80.040
-2.801 26.650 80.040
-4.653 26.390 80.040
-6.483 26.001 80.040
-8.281 25.485 80.040
-10.038 24.845 80.040
-11.747 24.085 80.040
-13.398 23.207 80.040
-14.985 22.215 80.040
-16.498 21.116 80.040
-17.931 19.914 80.040
-19.276 18.615 80.040
-20.527 17.225 80.040
-21.679 15.751 80.040
-22.725 14.200 80.040
-23.660 12.580 80.040
-24.480 10.899 80.040
-25.181 9.165 80.040
-25.759 7.386 80.040
-26.211 5.571 80.040
-26.536 3.729 80.040
-26.731 1.869 80.040
-26.797 -0.000 80.040
-26.731 -1.869 80.040
-26.536 -3.729 80.040
-26.211 -5.571 80.040
-25.759 -7.386 80.040
-25.181 -9.165 80.040
-24.480 -10.899 80.040
-23.660 -12.580 80.040
-22.725 -14.200 80.040
-21.679 -15.751 80.040
-20.527 -17.225 80.040
-19.276 -18.615 80.040
-17.931 -19.914 80.040
-16.498 -21.116 80.040
-14.985 -22.215 80.040
-13.398 -23.207 80.040
-11.747 -24.085 80.040
-10.038 -24.845 80.040
-8.281 -25.485 80.040
-6.483 -26.001 80.040
-4.653 -26.390 80.040
-2.801 -26.650 80.040
-0.935 -26.780 80.040
0.935 -26.780 80.040
2.801 -26.650 80.040
4.653 -26.390 80.040
6.483 -26.001 80.040
8.281 -25.485 80.040
10.038 -24.845 80.040
11.747 -24.085 80.040
13.398 -23.207 80.040
14.985 -22.215 80.040
16.498 -21.116 80.040
17.931 -19.914 80.040
19.276 -18.615 80.040
20.527 -17.225 80.040
21.679 -15.751 80.040
22.725 -14.200 80.040
23.660 -12.580 80.040
24.480 -10.899 80.040
25.181 -9.165 80.040
25.759 -7.386 80.040
26.211 -5.571 80.040
26.536 -3.729 80.040
26.731 -1.869 80.040
26.288 0.000 75.153
26.224 1.834 75.153
26.033 3.659 75.153
25.714 5.466 75.153
25.270 7.246 75.153
24.703 8.991 75.153
24.016 10.692 75.153
23.211 12.342 75.153
22.294 13.931 75.153
21.268 15.452 75.153
20.138 16.898 75.153
18.910 18.261 75.153
17.590 19.536 75.153
16.185 20.716 75.153
14.700 21.794 75.153
13.144 22.766 75.153
11.524 23.628 75.153
9.848 24.374 75.153
8.124 25.002 75.153
6.360 25.508 75.153
4.565 25.889 75.153
2.748 26.144 75.153
0.917 26.272 75.153
-0.917 26.272 75.153
-2.748 26.144 75.153
-4.565 25.889 75.153
-6.360 25.508 75.153
-8.124 25.002 75.153
-9.848 24.374 75.153
-11.524 23.628 75.153
-13.144 22.766 75.153
-14.700 21.794 75.153
-16.185 20.716 75.153
-17.590 19.536 75.153
-18.910 18.261 75.153
-20.138 16.898 75.153
-21.268 15.452 75.153
-22.294 13.931 75.153
-23.211 12.342 75.153
-24.016 10.692 75.153
-24.703 8.991 75.153
-25.270 7.246 75.153
-25.714 5.466 75.153
-26.033 3.659 75.153
